notebooks/czml/FlightData_N57_20220923_RA.ict
46, 1001
Ken Aikin, Steven S. Brown
NOAA Chemical Sciences Laboratory
AIMMS Probe
CalFiDE
1, 1
2022, 09, 23, 2022, 09, 25
1
TO_Time_UTC, seconds, seconds past midnight
13
1, 1, 1, 1, 1, 1, 1, 1, 1, 1, 1, 1, 1
-9999, -9999, -9999, -9999, -9999, -9999, -9999, -9999, -9999, -9999, -9999, -9999, -9999
AmbTemp, C
RelHumidity, %
StaticPrs, hPa
VertWindSpd, m/s
WindDir, deg
WindSpd, m/s
Heading, deg
Pitch, deg
Roll, deg
TrueAirSpd, m/s
GPSAlt, m
GPSLat, deg
GPSLon, deg
1
SPECIAL COMMENTS: No wind data.
18
PI_CONTACT_INFO: Address: 325 Broadway, Boulder CO 80305
PLATFORM: NOAA Twin Otter N57RF
LOCATION: California and Oregon
ASSOCIATED_DATA: N/A
INSTRUMENT_INFO: N/A
DATA_INFO: Units: 
UNCERTAINTY: N/A
ULOD_FLAG: -7777
ULOD_VALUE: N/A
LLOD_FLAG: -8888
LLOD_VALUE: N/A
DM_CONTACT_INFO: Ken Aikin kenneth.c.aikin@noaa.gov
PROJECT_INFO: CalFiDE August - September 2022 https://csl.noaa.gov/groups/csl7/measurements/2022calfide/
STIPULATIONS_ON_USE: Use of these data require prior ok from PI.
OTHER_COMMENTS: N/A
REVISION: RA
RA: Preliminary Data.  For in-field use only.
TO_Time_UTC, AmbTemp, RelHumidity, StaticPrs, VertWindSpd, WindDir, WindSpd, Heading, Pitch, Roll, TrueAirSpd, GPSAlt, GPSLat, GPSLon
[from data line 570]
70410,15.350,20.800,768.240,-9999.000,-9999.000,-9999.000,123.100,7.300,-0.700,33.800,2534.000,40.329,-122.078
70411,15.340,20.700,767.900,-9999.000,-9999.000,-9999.000,123.200,7.200,-0.800,33.800,2538.000,40.329,-122.078
70412,15.300,20.700,767.540,-9999.000,-9999.000,-9999.000,123.300,7.200,-0.800,33.800,2542.000,40.328,-122.077
70413,15.290,20.600,767.160,-9999.000,-9999.000,-9999.000,123.300,7.200,-0.900,33.700,2546.000,40.328,-122.077
70414,15.250,20.500,766.780,-9999.000,-9999.000,-9999.000,123.200,7.200,-1.100,33.600,2550.000,40.327,-122.076
70415,15.250,20.500,766.400,-9999.000,-9999.000,-9999.000,123.200,7.100,-0.900,33.700,2554.000,40.327,-122.076
70416,15.220,20.400,766.060,-9999.000,-9999.000,-9999.000,123.200,7.100,-0.900,33.600,2558.000,40.326,-122.075
70417,15.210,20.300,765.640,-9999.000,-9999.000,-9999.000,123.200,7.000,-0.900,33.700,2562.000,40.326,-122.075
70418,15.180,20.200,765.340,-9999.000,-9999.000,-9999.000,123.000,7.100,-1.100,33.700,2566.000,40.326,-122.074
70419,15.170,20.000,764.980,-9999.000,-9999.000,-9999.000,122.800,7.100,-1.100,33.700,2570.000,40.325,-122.074
70420,15.130,19.900,764.600,-9999.000,-9999.000,-9999.000,122.700,7.100,-0.900,33.900,2574.000,40.325,-122.073
70421,15.100,19.700,764.340,-9999.000,-9999.000,-9999.000,122.700,7.100,-0.700,34.000,2578.000,40.324,-122.073
70422,15.060,19.500,764.000,-9999.000,-9999.000,-9999.000,122.700,7.200,-0.700,34.000,2582.000,40.324,-122.072
70423,15.050,19.500,763.680,-9999.000,-9999.000,-9999.000,122.900,7.200,-0.600,34.000,2586.000,40.323,-122.072
70424,15.010,19.300,763.260,-9999.000,-9999.000,-9999.000,123.000,7.200,-0.600,34.000,2590.000,40.323,-122.071
70425,15.000,19.300,762.960,-9999.000,-9999.000,-9999.000,122.900,7.200,-0.700,34.000,2594.000,40.323,-122.071
70426,14.980,19.200,762.540,-9999.000,-9999.000,-9999.000,122.900,7.200,-0.700,33.900,2598.000,40.322,-122.070
70427,14.960,19.100,762.140,-9999.000,-9999.000,-9999.000,122.900,7.100,-0.700,33.900,2602.000,40.322,-122.070
70428,14.920,19.000,761.800,-9999.000,-9999.000,-9999.000,122.900,7.100,-0.700,33.900,2606.000,40.321,-122.069
70429,14.900,18.900,761.480,-9999.000,-9999.000,-9999.000,122.900,7.000,-0.700,33.900,2610.000,40.321,-122.069
70430,14.880,18.800,761.080,-9999.000,-9999.000,-9999.000,122.800,7.000,-0.700,34.000,2614.000,40.320,-122.068
70431,14.850,18.800,760.720,-9999.000,-9999.000,-9999.000,122.800,7.000,-0.700,34.000,2618.000,40.320,-122.068
70432,14.830,18.600,760.400,-9999.000,-9999.000,-9999.000,122.900,7.000,-0.500,34.100,2622.000,40.319,-122.067
70433,14.810,18.400,760.060,-9999.000,-9999.000,-9999.000,123.200,7.000,-0.500,34.100,2626.000,40.319,-122.067
70434,14.820,18.200,759.720,-9999.000,-9999.000,-9999.000,123.300,7.100,-0.500,34.000,2630.000,40.319,-122.066
70435,14.810,18.000,759.340,-9999.000,-9999.000,-9999.000,123.200,7.100,-0.700,34.100,2633.000,40.318,-122.066
70436,14.750,17.900,759.040,-9999.000,-9999.000,-9999.000,123.200,7.100,-0.800,34.200,2637.000,40.318,-122.065
70437,14.750,17.900,758.680,-9999.000,-9999.000,-9999.000,123.000,7.200,-0.800,34.200,2641.000,40.317,-122.065
70438,14.750,17.400,758.280,-9999.000,-9999.000,-9999.000,122.900,7.200,-0.900,34.200,2646.000,40.317,-122.064
70439,14.730,17.300,757.900,-9999.000,-9999.000,-9999.000,122.900,7.100,-0.900,34.000,2650.000,40.316,-122.064
70440,14.710,17.000,757.540,-9999.000,-9999.000,-9999.000,122.900,7.100,-0.900,34.000,2653.000,40.316,-122.063
70441,14.710,16.800,757.220,-9999.000,-9999.000,-9999.000,122.800,7.000,-0.900,34.000,2657.000,40.316,-122.063
70442,14.690,16.500,756.880,-9999.000,-9999.000,-9999.000,122.800,7.100,-1.000,33.900,2661.000,40.315,-122.062
70443,14.680,16.300,756.440,-9999.000,-9999.000,-9999.000,122.900,7.000,-1.000,33.900,2665.000,40.315,-122.062
70444,14.670,16.100,756.140,-9999.000,-9999.000,-9999.000,123.100,7.000,-0.800,33.800,2669.000,40.314,-122.061
70445,14.670,15.900,755.800,-9999.000,-9999.000,-9999.000,123.100,7.000,-0.900,33.800,2672.000,40.314,-122.061
70446,14.650,15.600,755.480,-9999.000,-9999.000,-9999.000,123.000,6.900,-1.000,33.600,2676.000,40.313,-122.060
70447,14.640,15.500,755.160,-9999.000,-9999.000,-9999.000,122.700,6.900,-1.200,33.600,2679.000,40.313,-122.059
70448,14.630,15.400,754.840,-9999.000,-9999.000,-9999.000,122.600,6.900,-1.100,33.700,2683.000,40.312,-122.059
70449,14.630,15.400,754.620,-9999.000,-9999.000,-9999.000,122.600,6.900,-0.900,33.800,2686.000,40.312,-122.058
70450,14.600,15.000,754.320,-9999.000,-9999.000,-9999.000,122.700,6.900,-0.800,33.800,2690.000,40.312,-122.058
70451,14.580,14.800,754.020,-9999.000,-9999.000,-9999.000,122.900,7.000,-0.600,33.900,2693.000,40.311,-122.057
70452,14.560,14.700,753.740,-9999.000,-9999.000,-9999.000,123.000,7.000,-0.600,34.000,2697.000,40.311,-122.057
70453,14.560,14.500,753.400,-9999.000,-9999.000,-9999.000,123.000,6.900,-0.700,34.100,2701.000,40.310,-122.056
70454,14.520,14.400,753.020,-9999.000,-9999.000,-9999.000,123.100,6.900,-0.700,34.100,2704.000,40.310,-122.056
70455,14.510,14.400,752.700,-9999.000,-9999.000,-9999.000,123.000,6.900,-0.700,34.200,2708.000,40.309,-122.055
70456,14.500,14.400,752.380,-9999.000,-9999.000,-9999.000,123.000,6.900,-0.800,34.200,2712.000,40.309,-122.055
70457,14.500,14.400,752.060,-9999.000,-9999.000,-9999.000,122.900,7.000,-0.800,34.200,2715.000,40.309,-122.054
70458,14.600,14.500,751.740,-9999.000,-9999.000,-9999.000,122.900,7.000,-0.700,34.300,2719.000,40.308,-122.054
70459,14.590,14.600,751.420,-9999.000,-9999.000,-9999.000,123.000,7.000,-0.600,34.300,2723.000,40.308,-122.053
70460,14.540,14.700,751.080,-9999.000,-9999.000,-9999.000,123.000,7.100,-0.600,34.400,2727.000,40.307,-122.053
70461,14.530,14.800,750.780,-9999.000,-9999.000,-9999.000,123.400,7.000,-0.500,34.600,2731.000,40.307,-122.052
70462,14.510,14.900,750.440,-9999.000,-9999.000,-9999.000,123.700,7.100,-0.500,34.500,2735.000,40.306,-122.052
70463,14.510,15.100,750.100,-9999.000,-9999.000,-9999.000,123.800,7.100,-0.600,34.500,2738.000,40.306,-122.051
70464,14.480,15.200,749.740,-9999.000,-9999.000,-9999.000,123.800,7.100,-0.800,34.500,2742.000,40.305,-122.051
70465,14.460,15.200,749.400,-9999.000,-9999.000,-9999.000,123.700,7.100,-1.000,34.500,2746.000,40.305,-122.050
70466,14.430,15.300,749.000,-9999.000,-9999.000,-9999.000,123.800,7.200,-1.000,34.600,2750.000,40.305,-122.050
70467,14.420,15.400,748.640,-9999.000,-9999.000,-9999.000,124.000,7.200,-0.900,34.600,2754.000,40.304,-122.049
70468,14.420,15.300,748.280,-9999.000,-9999.000,-9999.000,124.100,7.200,-0.800,34.600,2758.000,40.304,-122.049
70469,14.420,15.200,747.940,-9999.000,-9999.000,-9999.000,124.200,7.200,-0.900,34.700,2763.000,40.303,-122.048
70470,14.420,15.000,747.520,-9999.000,-9999.000,-9999.000,124.100,7.300,-1.000,34.600,2767.000,40.303,-122.048
70471,14.400,14.800,747.200,-9999.000,-9999.000,-9999.000,123.900,7.300,-1.000,34.500,2771.000,40.302,-122.047
70472,14.380,14.700,746.800,-9999.000,-9999.000,-9999.000,123.800,7.200,-1.000,34.400,2775.000,40.302,-122.047
70473,14.380,14.700,746.500,-9999.000,-9999.000,-9999.000,123.700,7.200,-1.000,34.400,2779.000,40.301,-122.046
70474,14.350,14.900,746.140,-9999.000,-9999.000,-9999.000,123.700,7.200,-1.100,34.400,2783.000,40.301,-122.046
70475,14.320,15.000,745.740,-9999.000,-9999.000,-9999.000,123.500,7.200,-1.200,34.200,2787.000,40.301,-122.045
70476,14.300,15.200,745.380,-9999.000,-9999.000,-9999.000,123.200,7.100,-1.200,34.100,2791.000,40.300,-122.045
70477,14.280,15.500,744.960,-9999.000,-9999.000,-9999.000,123.200,7.100,-1.100,34.000,2794.000,40.300,-122.044
70478,14.250,15.900,744.680,-9999.000,-9999.000,-9999.000,123.200,7.000,-0.900,34.200,2798.000,40.299,-122.043
70479,14.250,16.200,744.380,-9999.000,-9999.000,-9999.000,123.200,7.000,-0.800,33.900,2801.000,40.299,-122.043
70480,14.210,16.500,744.080,-9999.000,-9999.000,-9999.000,123.300,7.000,-0.700,34.100,2805.000,40.298,-122.042
70481,14.210,16.500,743.860,-9999.000,-9999.000,-9999.000,123.300,7.000,-0.900,34.000,2808.000,40.298,-122.042
70482,14.180,17.000,743.560,-9999.000,-9999.000,-9999.000,123.400,7.100,-0.800,33.900,2812.000,40.298,-122.041
70483,14.170,17.300,743.280,-9999.000,-9999.000,-9999.000,123.300,7.100,-0.800,34.000,2815.000,40.297,-122.041
70484,14.140,17.500,742.900,-9999.000,-9999.000,-9999.000,123.300,7.100,-0.900,33.900,2819.000,40.297,-122.040
70485,14.110,17.700,742.580,-9999.000,-9999.000,-9999.000,123.300,7.000,-0.800,34.000,2822.000,40.296,-122.040
70486,14.090,17.900,742.240,-9999.000,-9999.000,-9999.000,123.300,6.800,-0.700,34.000,2826.000,40.296,-122.039
70487,14.070,18.100,741.860,-9999.000,-9999.000,-9999.000,123.200,6.700,-0.700,34.000,2829.000,40.295,-122.039
70488,14.040,18.300,741.620,-9999.000,-9999.000,-9999.000,123.200,6.500,-0.700,34.200,2832.000,40.295,-122.038
70489,14.030,18.400,741.420,-9999.000,-9999.000,-9999.000,123.400,6.400,-0.600,34.300,2835.000,40.294,-122.038
70490,14.010,18.600,741.180,-9999.000,-9999.000,-9999.000,123.800,6.300,-0.500,34.400,2838.000,40.294,-122.037
70491,14.010,18.800,740.960,-9999.000,-9999.000,-9999.000,124.000,6.200,-0.500,34.700,2841.000,40.294,-122.037
70492,13.980,18.900,740.760,-9999.000,-9999.000,-9999.000,124.000,6.000,-0.600,34.800,2844.000,40.293,-122.036
70493,13.970,18.900,740.600,-9999.000,-9999.000,-9999.000,124.000,5.900,-0.800,34.900,2846.000,40.293,-122.036
70494,13.960,19.100,740.440,-9999.000,-9999.000,-9999.000,124.100,5.800,-0.800,35.100,2849.000,40.292,-122.035
70495,13.920,19.300,740.260,-9999.000,-9999.000,-9999.000,124.100,5.600,-0.700,35.400,2851.000,40.292,-122.035
70496,13.900,19.300,740.100,-9999.000,-9999.000,-9999.000,124.200,5.500,-0.800,35.600,2853.000,40.291,-122.034
70497,13.880,19.400,739.960,-9999.000,-9999.000,-9999.000,124.100,5.400,-0.800,35.900,2855.000,40.291,-122.034
70498,13.850,19.400,739.800,-9999.000,-9999.000,-9999.000,124.200,5.200,-0.800,36.200,2857.000,40.290,-122.033
70499,13.840,19.500,739.620,-9999.000,-9999.000,-9999.000,124.200,5.000,-0.800,36.600,2859.000,40.290,-122.033
70500,13.790,19.600,739.500,-9999.000,-9999.000,-9999.000,124.300,4.900,-0.800,36.900,2861.000,40.289,-122.032
70501,13.770,19.600,739.380,-9999.000,-9999.000,-9999.000,124.200,4.700,-0.900,37.100,2863.000,40.289,-122.031
70502,13.750,19.600,739.280,-9999.000,-9999.000,-9999.000,124.200,4.600,-1.000,37.600,2864.000,40.289,-122.031
70503,13.710,19.600,739.220,-9999.000,-9999.000,-9999.000,124.200,4.500,-0.900,38.000,2866.000,40.288,-122.030
70504,13.680,19.700,739.120,-9999.000,-9999.000,-9999.000,123.900,4.300,-1.000,38.400,2867.000,40.288,-122.030
70505,13.650,19.700,739.060,-9999.000,-9999.000,-9999.000,123.700,4.200,-1.000,38.700,2868.000,40.287,-122.029
70506,13.630,19.800,739.040,-9999.000,-9999.000,-9999.000,123.700,4.100,-0.700,39.200,2869.000,40.287,-122.029
70507,13.590,19.800,739.000,-9999.000,-9999.000,-9999.000,123.800,4.000,-0.600,39.500,2871.000,40.286,-122.028
70508,13.570,19.800,738.960,-9999.000,-9999.000,-9999.000,123.800,4.000,-0.500,39.900,2872.000,40.286,-122.028
70509,13.540,19.800,738.880,-9999.000,-9999.000,-9999.000,123.800,3.900,-0.600,40.200,2873.000,40.285,-122.027
70510,13.500,19.900,738.760,-9999.000,-9999.000,-9999.000,123.800,3.900,-0.500,40.700,2874.000,40.285,-122.027
70511,13.500,19.900,738.680,-9999.000,-9999.000,-9999.000,123.900,3.800,-0.500,41.200,2875.000,40.284,-122.026
70512,13.470,19.900,738.620,-9999.000,-9999.000,-9999.000,124.200,3.600,-0.300,41.500,2876.000,40.284,-122.025
70513,13.460,19.900,738.580,-9999.000,-9999.000,-9999.000,124.400,3.600,-0.300,41.600,2877.000,40.283,-122.025
70514,13.420,19.900,738.500,-9999.000,-9999.000,-9999.000,124.400,3.500,-0.500,41.800,2878.000,40.283,-122.024
70515,13.420,19.900,738.420,-9999.000,-9999.000,-9999.000,124.400,3.500,-0.600,42.000,2879.000,40.282,-122.024
70516,13.380,19.900,738.340,-9999.000,-9999.000,-9999.000,124.500,3.300,-0.600,42.100,2880.000,40.282,-122.023
70517,13.380,19.900,738.340,-9999.000,-9999.000,-9999.000,124.500,3.200,-0.700,42.300,2880.000,40.281,-122.023
70518,13.340,20.000,738.260,-9999.000,-9999.000,-9999.000,124.600,3.100,-0.800,42.400,2881.000,40.281,-122.022
70519,13.340,20.000,738.220,-9999.000,-9999.000,-9999.000,124.500,3.000,-0.900,42.600,2882.000,40.280,-122.021
70520,13.300,20.000,738.180,-9999.000,-9999.000,-9999.000,124.500,2.900,-1.000,42.800,2882.000,40.280,-122.021
70521,13.290,20.000,738.180,-9999.000,-9999.000,-9999.000,124.500,2.800,-1.000,43.100,2882.000,40.279,-122.020
70522,13.250,20.000,738.180,-9999.000,-9999.000,-9999.000,124.600,2.700,-1.000,43.300,2883.000,40.279,-122.020
70523,13.250,20.000,738.220,-9999.000,-9999.000,-9999.000,124.600,2.700,-0.900,43.500,2883.000,40.278,-122.019
70524,13.220,20.000,738.220,-9999.000,-9999.000,-9999.000,124.500,2.700,-1.000,43.700,2883.000,40.278,-122.019
70525,13.210,20.000,738.240,-9999.000,-9999.000,-9999.000,124.500,2.700,-1.100,43.800,2883.000,40.277,-122.018
70526,13.190,20.000,738.260,-9999.000,-9999.000,-9999.000,124.500,2.700,-1.100,44.100,2883.000,40.277,-122.017
70527,13.190,20.000,738.260,-9999.000,-9999.000,-9999.000,124.500,2.600,-1.200,44.200,2883.000,40.276,-122.017
70528,13.170,20.000,738.260,-9999.000,-9999.000,-9999.000,124.500,2.600,-1.200,44.400,2883.000,40.276,-122.016
70529,13.130,20.000,738.240,-9999.000,-9999.000,-9999.000,124.500,2.500,-1.200,44.600,2883.000,40.275,-122.016
70530,13.130,20.100,738.260,-9999.000,-9999.000,-9999.000,124.500,2.500,-1.200,44.800,2883.000,40.275,-122.015
70531,13.110,20.100,738.240,-9999.000,-9999.000,-9999.000,124.500,2.500,-1.100,45.000,2883.000,40.274,-122.015
70532,13.090,20.100,738.240,-9999.000,-9999.000,-9999.000,124.500,2.500,-1.300,45.200,2883.000,40.274,-122.014
70533,13.090,20.100,738.340,-9999.000,-9999.000,-9999.000,124.600,2.400,-1.300,45.600,2883.000,40.273,-122.013
70534,13.090,20.100,738.400,-9999.000,-9999.000,-9999.000,124.500,2.400,-1.300,45.700,2883.000,40.273,-122.013
70535,13.070,20.100,738.340,-9999.000,-9999.000,-9999.000,124.500,2.400,-1.400,46.000,2883.000,40.272,-122.012
70536,13.060,20.200,738.360,-9999.000,-9999.000,-9999.000,124.500,2.400,-1.400,46.100,2883.000,40.272,-122.012
70537,13.050,20.200,738.320,-9999.000,-9999.000,-9999.000,124.500,2.300,-1.400,46.300,2883.000,40.271,-122.011
70538,13.010,20.200,738.300,-9999.000,-9999.000,-9999.000,124.500,2.200,-1.300,46.500,2882.000,40.271,-122.010
70539,13.000,20.200,738.360,-9999.000,-9999.000,-9999.000,124.500,2.200,-1.400,46.600,2882.000,40.270,-122.010
70540,12.980,20.200,738.380,-9999.000,-9999.000,-9999.000,124.500,2.300,-1.500,46.800,2882.000,40.270,-122.009
70541,12.980,20.200,738.420,-9999.000,-9999.000,-9999.000,124.500,2.300,-1.500,47.000,2882.000,40.269,-122.009
70542,12.970,20.200,738.500,-9999.000,-9999.000,-9999.000,124.500,2.300,-1.500,47.100,2881.000,40.269,-122.008
70543,12.960,20.200,738.480,-9999.000,-9999.000,-9999.000,124.400,2.200,-1.600,47.300,2881.000,40.268,-122.008
70544,12.960,20.300,738.560,-9999.000,-9999.000,-9999.000,124.400,2.300,-1.500,47.500,2881.000,40.268,-122.007
70545,12.940,20.200,738.580,-9999.000,-9999.000,-9999.000,124.400,2.300,-1.500,47.600,2881.000,40.267,-122.006
70546,12.940,20.300,738.600,-9999.000,-9999.000,-9999.000,124.400,2.300,-1.500,47.600,2880.000,40.267,-122.006
70547,12.940,20.300,738.620,-9999.000,-9999.000,-9999.000,124.300,2.400,-1.500,47.600,2880.000,40.266,-122.005
70548,12.960,20.300,738.560,-9999.000,-9999.000,-9999.000,124.300,2.400,-1.600,47.600,2880.000,40.266,-122.005
70549,12.930,20.300,738.540,-9999.000,-9999.000,-9999.000,124.200,2.300,-1.600,47.500,2880.000,40.265,-122.004
70550,12.930,20.300,738.520,-9999.000,-9999.000,-9999.000,124.200,2.300,-1.600,47.600,2881.000,40.265,-122.003
70551,12.920,20.300,738.520,-9999.000,-9999.000,-9999.000,124.200,2.200,-1.500,47.600,2880.000,40.264,-122.003
70552,12.920,20.300,738.460,-9999.000,-9999.000,-9999.000,124.200,2.200,-1.400,47.500,2880.000,40.264,-122.002
