notebooks/czml/FlightData_N57_20220923_RA.ict
46, 1001
Ken Aikin, Steven S. Brown
NOAA Chemical Sciences Laboratory
AIMMS Probe
CalFiDE
1, 1
2022, 09, 23, 2022, 09, 25
1
TO_Time_UTC, seconds, seconds past midnight
13
1, 1, 1, 1, 1, 1, 1, 1, 1, 1, 1, 1, 1
-9999, -9999, -9999, -9999, -9999, -9999, -9999, -9999, -9999, -9999, -9999, -9999, -9999
AmbTemp, C
RelHumidity, %
StaticPrs, hPa
VertWindSpd, m/s
WindDir, deg
WindSpd, m/s
Heading, deg
Pitch, deg
Roll, deg
TrueAirSpd, m/s
GPSAlt, m
GPSLat, deg
GPSLon, deg
1
SPECIAL COMMENTS: No wind data.
18
PI_CONTACT_INFO: Address: 325 Broadway, Boulder CO 80305
PLATFORM: NOAA Twin Otter N57RF
LOCATION: California and Oregon
ASSOCIATED_DATA: N/A
INSTRUMENT_INFO: N/A
DATA_INFO: Units: 
UNCERTAINTY: N/A
ULOD_FLAG: -7777
ULOD_VALUE: N/A
LLOD_FLAG: -8888
LLOD_VALUE: N/A
DM_CONTACT_INFO: Ken Aikin kenneth.c.aikin@noaa.gov
PROJECT_INFO: CalFiDE August - September 2022 https://csl.noaa.gov/groups/csl7/measurements/2022calfide/
STIPULATIONS_ON_USE: Use of these data require prior ok from PI.
OTHER_COMMENTS: N/A
REVISION: RA
RA: Preliminary Data.  For in-field use only.
TO_Time_UTC, AmbTemp, RelHumidity, StaticPrs, VertWindSpd, WindDir, WindSpd, Heading, Pitch, Roll, TrueAirSpd, GPSAlt, GPSLat, GPSLon
[from data line 10407]
83786,20.680,16.100,834.840,-9999.000,-9999.000,-9999.000,323.800,7.900,-0.300,31.800,1814.000,38.741,-121.346
83787,20.650,16.000,834.120,-9999.000,-9999.000,-9999.000,324.100,7.100,0.400,32.300,1818.000,38.742,-121.346
83788,20.600,16.000,834.080,-9999.000,-9999.000,-9999.000,324.700,7.200,0.100,32.400,1821.000,38.742,-121.347
83789,20.560,15.900,834.020,-9999.000,-9999.000,-9999.000,324.700,7.600,-0.100,32.000,1825.000,38.743,-121.347
83790,20.520,15.900,833.780,-9999.000,-9999.000,-9999.000,324.800,8.000,-0.400,32.500,1828.000,38.743,-121.347
83791,20.520,15.800,833.260,-9999.000,-9999.000,-9999.000,324.600,8.100,-0.900,32.200,1833.000,38.744,-121.348
83792,20.480,15.800,832.580,-9999.000,-9999.000,-9999.000,324.000,8.100,-1.400,32.300,1837.000,38.744,-121.348
83793,20.460,15.800,832.140,-9999.000,-9999.000,-9999.000,323.500,7.900,-0.900,33.000,1841.000,38.745,-121.348
83794,20.430,15.800,831.800,-9999.000,-9999.000,-9999.000,323.300,8.100,-0.200,32.900,1846.000,38.745,-121.349
83795,20.440,15.700,831.360,-9999.000,-9999.000,-9999.000,323.800,8.100,0.300,32.800,1850.000,38.746,-121.349
83796,20.390,15.700,830.640,-9999.000,-9999.000,-9999.000,324.400,8.000,0.200,32.400,1855.000,38.746,-121.349
83797,20.310,15.600,830.440,-9999.000,-9999.000,-9999.000,324.400,7.800,-0.400,32.500,1859.000,38.747,-121.350
83798,20.280,15.600,830.020,-9999.000,-9999.000,-9999.000,323.900,7.700,-0.900,32.200,1864.000,38.748,-121.350
83799,20.250,15.600,829.840,-9999.000,-9999.000,-9999.000,323.600,7.600,-0.700,33.700,1868.000,38.748,-121.350
83800,20.270,15.600,829.480,-9999.000,-9999.000,-9999.000,323.600,8.200,0.000,32.300,1872.000,38.749,-121.351
83801,20.270,15.600,828.820,-9999.000,-9999.000,-9999.000,324.000,8.000,-0.200,32.000,1877.000,38.749,-121.351
83802,20.150,15.600,828.120,-9999.000,-9999.000,-9999.000,324.200,7.800,-0.100,32.500,1882.000,38.750,-121.351
83803,20.140,15.600,827.660,-9999.000,-9999.000,-9999.000,324.100,7.200,-0.600,32.400,1886.000,38.750,-121.352
83804,20.100,15.600,827.080,-9999.000,-9999.000,-9999.000,323.700,7.000,-1.000,32.200,1890.000,38.751,-121.352
83805,20.070,15.600,827.080,-9999.000,-9999.000,-9999.000,323.300,6.600,-0.800,32.400,1893.000,38.751,-121.352
83806,20.100,15.600,826.920,-9999.000,-9999.000,-9999.000,323.200,7.000,-0.400,32.400,1896.000,38.752,-121.353
83807,20.100,15.600,826.840,-9999.000,-9999.000,-9999.000,323.800,7.300,0.000,32.600,1899.000,38.752,-121.353
83808,20.050,15.600,826.560,-9999.000,-9999.000,-9999.000,324.000,7.800,-0.100,32.700,1903.000,38.753,-121.353
83809,20.030,15.600,826.000,-9999.000,-9999.000,-9999.000,324.000,8.100,-0.300,32.400,1907.000,38.754,-121.354
83810,19.970,15.600,825.560,-9999.000,-9999.000,-9999.000,324.400,7.600,-1.100,33.300,1912.000,38.754,-121.354
83811,19.940,15.700,825.280,-9999.000,-9999.000,-9999.000,323.900,8.200,-1.300,32.800,1916.000,38.755,-121.354
83812,19.850,15.700,824.800,-9999.000,-9999.000,-9999.000,323.700,8.300,-1.400,32.800,1921.000,38.755,-121.355
83813,19.840,15.600,824.280,-9999.000,-9999.000,-9999.000,323.400,8.200,-0.900,32.800,1925.000,38.756,-121.355
83814,19.790,15.600,823.700,-9999.000,-9999.000,-9999.000,323.300,8.000,-0.700,32.900,1930.000,38.756,-121.355
83815,19.770,15.600,823.200,-9999.000,-9999.000,-9999.000,323.300,7.700,-0.600,32.800,1935.000,38.757,-121.356
83816,19.730,15.600,822.680,-9999.000,-9999.000,-9999.000,323.300,7.800,-0.200,32.600,1939.000,38.757,-121.356
83817,19.690,15.600,822.380,-9999.000,-9999.000,-9999.000,323.400,7.800,-0.100,33.200,1944.000,38.758,-121.356
83818,19.680,15.600,821.980,-9999.000,-9999.000,-9999.000,323.700,7.800,-0.400,32.800,1948.000,38.758,-121.357
83819,19.650,15.600,821.560,-9999.000,-9999.000,-9999.000,323.700,7.700,-0.600,32.900,1952.000,38.759,-121.357
83820,19.610,15.600,821.260,-9999.000,-9999.000,-9999.000,323.500,7.500,-1.000,32.700,1956.000,38.760,-121.358
83821,19.600,15.600,820.700,-9999.000,-9999.000,-9999.000,323.400,7.400,-0.900,32.700,1960.000,38.760,-121.358
83822,19.570,15.600,820.540,-9999.000,-9999.000,-9999.000,323.300,7.300,-0.500,32.700,1964.000,38.761,-121.358
83823,19.550,15.700,820.040,-9999.000,-9999.000,-9999.000,323.300,7.200,-0.500,32.700,1968.000,38.761,-121.359
83824,19.500,15.700,819.760,-9999.000,-9999.000,-9999.000,323.200,7.200,-0.700,33.100,1972.000,38.762,-121.359
83825,19.480,15.800,819.460,-9999.000,-9999.000,-9999.000,323.000,7.600,-0.400,32.800,1975.000,38.762,-121.359
83826,19.460,15.800,819.180,-9999.000,-9999.000,-9999.000,322.800,7.700,-0.300,32.800,1979.000,38.763,-121.360
83827,19.450,15.700,818.760,-9999.000,-9999.000,-9999.000,323.100,7.700,0.400,32.700,1983.000,38.763,-121.360
83828,19.430,15.800,818.380,-9999.000,-9999.000,-9999.000,323.300,7.800,0.000,32.600,1987.000,38.764,-121.360
83829,19.420,15.800,817.740,-9999.000,-9999.000,-9999.000,323.400,7.800,-0.200,32.300,1991.000,38.765,-121.361
83830,19.370,15.900,817.400,-9999.000,-9999.000,-9999.000,323.200,7.600,-0.700,32.500,1995.000,38.765,-121.361
83831,19.350,16.000,816.980,-9999.000,-9999.000,-9999.000,323.200,7.500,-0.100,32.500,1999.000,38.766,-121.361
83832,19.310,16.000,816.820,-9999.000,-9999.000,-9999.000,323.300,7.400,-0.300,32.900,2002.000,38.766,-121.362
83833,19.300,16.100,816.340,-9999.000,-9999.000,-9999.000,323.300,7.400,-0.400,32.400,2006.000,38.767,-121.362
83834,19.270,16.200,816.120,-9999.000,-9999.000,-9999.000,323.300,7.300,-0.400,32.300,2009.000,38.767,-121.363
83835,19.270,16.200,815.680,-9999.000,-9999.000,-9999.000,323.300,7.400,-0.400,32.300,2013.000,38.768,-121.363
83836,19.220,16.400,815.540,-9999.000,-9999.000,-9999.000,323.300,7.300,-0.300,32.600,2016.000,38.769,-121.363
83837,19.220,16.500,815.180,-9999.000,-9999.000,-9999.000,323.300,7.500,-0.700,32.300,2020.000,38.769,-121.364
83838,19.180,16.700,814.860,-9999.000,-9999.000,-9999.000,323.300,7.500,-0.400,32.600,2023.000,38.770,-121.364
83839,19.170,16.700,814.520,-9999.000,-9999.000,-9999.000,323.000,7.900,-0.400,32.600,2027.000,38.770,-121.364
83840,19.150,16.800,814.240,-9999.000,-9999.000,-9999.000,323.100,7.900,-0.100,32.600,2031.000,38.771,-121.365
83841,19.140,16.900,813.740,-9999.000,-9999.000,-9999.000,323.200,7.800,0.000,32.600,2035.000,38.771,-121.365
83842,19.100,17.000,813.220,-9999.000,-9999.000,-9999.000,323.600,7.800,0.000,32.800,2039.000,38.772,-121.365
83843,19.100,17.200,813.020,-9999.000,-9999.000,-9999.000,324.000,7.900,-0.400,32.900,2044.000,38.773,-121.366
83844,19.070,17.500,812.640,-9999.000,-9999.000,-9999.000,324.100,8.100,-0.800,33.000,2048.000,38.773,-121.366
83845,19.060,17.900,812.220,-9999.000,-9999.000,-9999.000,323.900,8.400,-1.400,32.800,2052.000,38.774,-121.367
83846,19.020,18.400,811.800,-9999.000,-9999.000,-9999.000,323.500,8.500,-1.500,32.900,2057.000,38.774,-121.367
83847,19.020,18.900,811.320,-9999.000,-9999.000,-9999.000,323.400,8.700,-0.900,33.000,2062.000,38.775,-121.367
83848,19.010,19.400,810.880,-9999.000,-9999.000,-9999.000,323.600,8.600,-0.300,33.100,2067.000,38.775,-121.368
83849,18.970,19.800,810.360,-9999.000,-9999.000,-9999.000,323.800,8.600,-0.300,33.300,2072.000,38.776,-121.368
83850,18.800,20.200,809.860,-9999.000,-9999.000,-9999.000,324.000,8.600,-0.500,33.200,2077.000,38.776,-121.368
83851,18.780,20.500,809.440,-9999.000,-9999.000,-9999.000,324.000,8.600,-0.700,33.200,2082.000,38.777,-121.369
83852,18.770,20.800,808.840,-9999.000,-9999.000,-9999.000,324.000,8.600,-1.000,33.000,2088.000,38.778,-121.369
83853,18.760,21.100,808.260,-9999.000,-9999.000,-9999.000,323.800,8.500,-0.900,33.000,2093.000,38.778,-121.370
83854,18.710,21.400,807.700,-9999.000,-9999.000,-9999.000,323.700,8.500,-0.600,33.200,2099.000,38.779,-121.370
83855,18.700,21.600,807.220,-9999.000,-9999.000,-9999.000,323.900,8.500,-0.300,33.100,2104.000,38.779,-121.370
83856,18.680,21.800,806.680,-9999.000,-9999.000,-9999.000,324.000,8.500,-0.100,32.900,2109.000,38.780,-121.371
83857,18.650,22.100,806.180,-9999.000,-9999.000,-9999.000,324.100,8.400,-0.200,33.000,2115.000,38.780,-121.371
83858,18.600,22.200,805.660,-9999.000,-9999.000,-9999.000,324.200,8.400,-0.100,32.800,2120.000,38.781,-121.371
83859,18.570,22.400,805.280,-9999.000,-9999.000,-9999.000,324.200,8.400,-0.300,32.800,2125.000,38.782,-121.372
83860,18.540,22.500,804.800,-9999.000,-9999.000,-9999.000,324.200,8.300,-0.400,32.700,2130.000,38.782,-121.372
83861,18.520,22.600,804.240,-9999.000,-9999.000,-9999.000,324.100,8.300,-0.300,32.800,2136.000,38.783,-121.373
83862,18.480,22.700,803.820,-9999.000,-9999.000,-9999.000,324.000,8.400,0.000,32.800,2141.000,38.783,-121.373
83863,18.480,22.800,803.320,-9999.000,-9999.000,-9999.000,324.000,8.400,0.200,32.800,2146.000,38.784,-121.373
83864,18.440,22.800,802.800,-9999.000,-9999.000,-9999.000,324.300,8.300,0.500,32.800,2151.000,38.784,-121.374
83865,18.440,22.900,802.360,-9999.000,-9999.000,-9999.000,324.900,8.300,0.600,32.800,2156.000,38.785,-121.374
83866,18.350,22.900,801.960,-9999.000,-9999.000,-9999.000,325.300,8.400,0.100,32.600,2161.000,38.785,-121.374
83867,18.320,23.000,801.420,-9999.000,-9999.000,-9999.000,325.100,8.500,-0.700,32.600,2166.000,38.786,-121.375
83868,18.280,23.000,800.880,-9999.000,-9999.000,-9999.000,324.600,8.600,-0.900,32.600,2171.000,38.787,-121.375
83869,18.280,23.000,800.320,-9999.000,-9999.000,-9999.000,324.200,8.500,-0.500,32.700,2176.000,38.787,-121.376
83870,18.270,23.200,799.820,-9999.000,-9999.000,-9999.000,324.300,8.500,0.200,32.800,2182.000,38.788,-121.376
83871,18.260,23.200,799.320,-9999.000,-9999.000,-9999.000,324.800,8.400,0.800,32.800,2187.000,38.788,-121.376
83872,18.150,23.200,799.020,-9999.000,-9999.000,-9999.000,325.500,8.300,0.600,32.700,2192.000,38.789,-121.377
83873,18.130,23.200,798.600,-9999.000,-9999.000,-9999.000,325.600,8.400,0.000,32.600,2197.000,38.789,-121.377
83874,18.100,23.300,798.120,-9999.000,-9999.000,-9999.000,325.200,8.500,-0.800,32.500,2202.000,38.790,-121.377
83875,18.060,23.300,797.640,-9999.000,-9999.000,-9999.000,324.700,8.500,-0.800,32.700,2207.000,38.790,-121.378
83876,18.050,23.400,797.140,-9999.000,-9999.000,-9999.000,324.400,8.500,-0.200,32.800,2212.000,38.791,-121.378
83877,18.050,23.400,796.640,-9999.000,-9999.000,-9999.000,324.600,8.500,0.500,32.800,2217.000,38.792,-121.378
83878,18.020,23.400,796.160,-9999.000,-9999.000,-9999.000,325.200,8.500,0.900,32.800,2223.000,38.792,-121.379
83879,17.980,23.400,795.780,-9999.000,-9999.000,-9999.000,325.800,8.500,0.600,32.800,2227.000,38.793,-121.379
83880,17.890,23.400,795.220,-9999.000,-9999.000,-9999.000,325.900,8.500,0.000,32.500,2232.000,38.793,-121.380
83881,17.870,23.400,794.740,-9999.000,-9999.000,-9999.000,325.600,8.500,-0.700,32.400,2237.000,38.794,-121.380
83882,17.840,23.400,794.240,-9999.000,-9999.000,-9999.000,325.300,8.500,-0.700,32.600,2242.000,38.794,-121.380
83883,17.820,23.400,793.760,-9999.000,-9999.000,-9999.000,325.100,8.400,-0.400,32.700,2247.000,38.795,-121.381
83884,17.800,23.500,793.320,-9999.000,-9999.000,-9999.000,325.100,8.400,0.000,32.800,2252.000,38.795,-121.381
83885,17.770,23.500,792.980,-9999.000,-9999.000,-9999.000,325.500,8.400,0.400,32.800,2257.000,38.796,-121.381
83886,17.730,23.500,792.540,-9999.000,-9999.000,-9999.000,326.000,8.400,0.200,32.600,2262.000,38.797,-121.382
83887,17.690,23.500,792.060,-9999.000,-9999.000,-9999.000,326.200,8.400,-0.300,32.500,2267.000,38.797,-121.382
83888,17.630,23.500,791.580,-9999.000,-9999.000,-9999.000,325.900,8.300,-1.000,32.300,2272.000,38.798,-121.382
83889,17.610,23.600,791.120,-9999.000,-9999.000,-9999.000,325.300,8.300,-1.100,32.500,2277.000,38.798,-121.383
83890,17.600,23.600,790.700,-9999.000,-9999.000,-9999.000,324.800,8.300,-0.700,32.600,2281.000,38.799,-121.383
83891,17.610,23.600,790.260,-9999.000,-9999.000,-9999.000,325.000,8.300,0.000,32.700,2286.000,38.799,-121.383
83892,17.570,23.600,789.820,-9999.000,-9999.000,-9999.000,325.500,8.200,0.700,32.700,2290.000,38.800,-121.384
83893,17.540,23.600,789.420,-9999.000,-9999.000,-9999.000,326.200,8.200,0.400,32.600,2295.000,38.800,-121.384
83894,17.460,23.700,789.080,-9999.000,-9999.000,-9999.000,326.500,8.300,-0.200,32.400,2299.000,38.801,-121.384
83895,17.430,23.700,788.640,-9999.000,-9999.000,-9999.000,326.100,8.400,-1.200,32.400,2304.000,38.801,-121.385
83896,17.390,23.700,788.160,-9999.000,-9999.000,-9999.000,325.500,8.400,-1.300,32.600,2309.000,38.802,-121.385
83897,17.400,23.700,787.780,-9999.000,-9999.000,-9999.000,325.000,8.400,-0.800,32.700,2313.000,38.803,-121.386
83898,17.420,23.800,787.320,-9999.000,-9999.000,-9999.000,325.300,8.400,0.100,32.800,2318.000,38.803,-121.386
83899,17.370,23.800,786.900,-9999.000,-9999.000,-9999.000,325.900,8.400,0.500,33.000,2323.000,38.804,-121.386
83900,17.260,23.800,786.440,-9999.000,-9999.000,-9999.000,326.400,8.400,0.000,32.700,2328.000,38.804,-121.387
83901,17.230,23.800,786.000,-9999.000,-9999.000,-9999.000,326.400,8.500,-0.700,32.600,2333.000,38.805,-121.387
83902,17.190,23.900,785.540,-9999.000,-9999.000,-9999.000,325.900,8.500,-1.300,32.600,2338.000,38.805,-121.387
83903,17.150,23.900,785.080,-9999.000,-9999.000,-9999.000,325.400,8.500,-1.200,32.700,2343.000,38.806,-121.388
83904,17.170,23.900,784.640,-9999.000,-9999.000,-9999.000,325.200,8.500,-0.700,32.900,2348.000,38.806,-121.388
83905,17.180,23.900,784.120,-9999.000,-9999.000,-9999.000,325.600,8.500,0.100,33.000,2352.000,38.807,-121.388
83906,17.120,24.000,783.700,-9999.000,-9999.000,-9999.000,326.200,8.500,0.200,33.000,2357.000,38.808,-121.389
83907,17.100,24.000,783.320,-9999.000,-9999.000,-9999.000,326.600,8.500,-0.200,32.900,2362.000,38.808,-121.389
83908,17.020,24.000,782.880,-9999.000,-9999.000,-9999.000,326.500,8.600,-1.000,32.900,2367.000,38.809,-121.389
83909,17.010,24.000,782.380,-9999.000,-9999.000,-9999.000,326.100,8.800,-1.300,32.800,2372.000,38.809,-121.390
83910,17.000,24.100,781.980,-9999.000,-9999.000,-9999.000,325.500,8.800,-1.300,32.900,2378.000,38.810,-121.390
83911,16.980,24.100,781.420,-9999.000,-9999.000,-9999.000,325.300,8.700,-0.500,33.100,2383.000,38.810,-121.390
83912,16.960,24.200,780.920,-9999.000,-9999.000,-9999.000,325.600,8.500,0.300,33.200,2388.000,38.811,-121.391
83913,16.950,24.200,780.420,-9999.000,-9999.000,-9999.000,326.100,8.500,0.400,33.000,2393.000,38.811,-121.391
83914,16.860,24.200,780.000,-9999.000,-9999.000,-9999.000,326.600,8.400,0.000,32.900,2398.000,38.812,-121.392
83915,16.820,24.200,779.580,-9999.000,-9999.000,-9999.000,326.900,8.400,-0.500,32.700,2403.000,38.812,-121.392
83916,16.770,24.300,779.080,-9999.000,-9999.000,-9999.000,326.600,8.400,-1.200,32.600,2408.000,38.813,-121.392
83917,16.750,24.400,778.600,-9999.000,-9999.000,-9999.000,326.100,8.300,-1.500,32.600,2413.000,38.814,-121.393
83918,16.770,24.400,778.020,-9999.000,-9999.000,-9999.000,325.600,8.200,-1.100,32.600,2418.000,38.814,-121.393
83919,16.770,24.500,777.580,-9999.000,-9999.000,-9999.000,325.600,8.100,-0.200,32.800,2423.000,38.815,-121.393
83920,16.770,24.600,777.220,-9999.000,-9999.000,-9999.000,326.200,8.000,0.400,32.800,2427.000,38.815,-121.394
83921,16.730,24.700,776.880,-9999.000,-9999.000,-9999.000,326.900,8.000,0.300,32.700,2432.000,38.816,-121.394
83922,16.650,24.800,776.580,-9999.000,-9999.000,-9999.000,327.100,8.100,-0.300,32.600,2436.000,38.816,-121.394
83923,16.630,24.900,776.200,-9999.000,-9999.000,-9999.000,326.700,8.200,-1.300,32.500,2441.000,38.817,-121.395
83924,16.600,25.000,775.760,-9999.000,-9999.000,-9999.000,325.800,8.300,-1.500,32.700,2445.000,38.817,-121.395
83925,16.600,25.100,775.280,-9999.000,-9999.000,-9999.000,325.300,8.300,-0.500,32.900,2450.000,38.818,-121.395
83926,16.620,25.300,774.800,-9999.000,-9999.000,-9999.000,325.700,8.200,0.700,33.100,2455.000,38.819,-121.396
83927,16.600,25.400,774.400,-9999.000,-9999.000,-9999.000,326.400,8.200,1.100,33.000,2460.000,38.819,-121.396
83928,16.480,25.500,774.020,-9999.000,-9999.000,-9999.000,326.900,8.200,0.700,32.800,2465.000,38.820,-121.397
83929,16.420,25.600,773.580,-9999.000,-9999.000,-9999.000,327.000,8.200,0.000,32.700,2469.000,38.820,-121.397
