notebooks/czml/FlightData_N57_20220923_RA.ict
46, 1001
Ken Aikin, Steven S. Brown
NOAA Chemical Sciences Laboratory
AIMMS Probe
CalFiDE
1, 1
2022, 09, 23, 2022, 09, 25
1
TO_Time_UTC, seconds, seconds past midnight
13
1, 1, 1, 1, 1, 1, 1, 1, 1, 1, 1, 1, 1
-9999, -9999, -9999, -9999, -9999, -9999, -9999, -9999, -9999, -9999, -9999, -9999, -9999
AmbTemp, C
RelHumidity, %
StaticPrs, hPa
VertWindSpd, m/s
WindDir, deg
WindSpd, m/s
Heading, deg
Pitch, deg
Roll, deg
TrueAirSpd, m/s
GPSAlt, m
GPSLat, deg
GPSLon, deg
1
SPECIAL COMMENTS: No wind data.
18
PI_CONTACT_INFO: Address: 325 Broadway, Boulder CO 80305
PLATFORM: NOAA Twin Otter N57RF
LOCATION: California and Oregon
ASSOCIATED_DATA: N/A
INSTRUMENT_INFO: N/A
DATA_INFO: Units: 
UNCERTAINTY: N/A
ULOD_FLAG: -7777
ULOD_VALUE: N/A
LLOD_FLAG: -8888
LLOD_VALUE: N/A
DM_CONTACT_INFO: Ken Aikin kenneth.c.aikin@noaa.gov
PROJECT_INFO: CalFiDE August - September 2022 https://csl.noaa.gov/groups/csl7/measurements/2022calfide/
STIPULATIONS_ON_USE: Use of these data require prior ok from PI.
OTHER_COMMENTS: N/A
REVISION: RA
RA: Preliminary Data.  For in-field use only.
TO_Time_UTC, AmbTemp, RelHumidity, StaticPrs, VertWindSpd, WindDir, WindSpd, Heading, Pitch, Roll, TrueAirSpd, GPSAlt, GPSLat, GPSLon
[from data line 2300]
72140,11.130,22.300,739.440,-9999.000,-9999.000,-9999.000,128.500,2.400,-0.600,43.600,2865.000,39.522,-121.146
72141,11.130,22.400,739.440,-9999.000,-9999.000,-9999.000,128.500,2.400,-0.800,43.500,2865.000,39.521,-121.145
72142,11.130,22.300,739.440,-9999.000,-9999.000,-9999.000,128.500,2.400,-0.700,43.300,2865.000,39.521,-121.145
72143,11.110,22.400,739.460,-9999.000,-9999.000,-9999.000,128.400,2.400,-0.700,43.400,2865.000,39.520,-121.144
72144,11.110,22.500,739.500,-9999.000,-9999.000,-9999.000,128.400,2.400,-0.700,43.400,2865.000,39.520,-121.144
72145,11.110,22.500,739.440,-9999.000,-9999.000,-9999.000,128.400,2.400,-0.600,43.400,2865.000,39.519,-121.143
72146,11.100,22.500,739.480,-9999.000,-9999.000,-9999.000,128.400,2.400,-0.500,43.400,2865.000,39.519,-121.142
72147,11.100,22.600,739.500,-9999.000,-9999.000,-9999.000,128.400,2.500,-0.600,43.300,2865.000,39.518,-121.142
72148,11.110,22.600,739.480,-9999.000,-9999.000,-9999.000,128.400,2.500,-0.600,43.200,2865.000,39.518,-121.141
72149,11.100,22.600,739.460,-9999.000,-9999.000,-9999.000,128.300,2.300,-0.700,43.500,2865.000,39.517,-121.141
72150,11.100,22.700,739.440,-9999.000,-9999.000,-9999.000,128.300,2.300,-0.500,43.500,2865.000,39.517,-121.140
72151,11.090,22.700,739.440,-9999.000,-9999.000,-9999.000,128.400,2.200,-0.500,43.600,2864.000,39.517,-121.140
72152,11.090,22.800,739.520,-9999.000,-9999.000,-9999.000,128.400,2.100,-0.500,43.500,2864.000,39.516,-121.139
72153,11.100,22.800,739.580,-9999.000,-9999.000,-9999.000,128.400,2.100,-0.600,43.500,2863.000,39.516,-121.139
72154,11.100,22.900,739.680,-9999.000,-9999.000,-9999.000,128.500,2.100,-0.600,43.400,2863.000,39.515,-121.138
72155,11.100,22.900,739.720,-9999.000,-9999.000,-9999.000,128.500,2.100,-0.600,43.400,2862.000,39.515,-121.138
72156,11.110,22.900,739.840,-9999.000,-9999.000,-9999.000,128.500,2.100,-0.700,43.400,2861.000,39.514,-121.137
72157,11.110,23.000,739.940,-9999.000,-9999.000,-9999.000,128.500,2.200,-0.700,43.300,2861.000,39.514,-121.137
72158,11.110,23.000,739.960,-9999.000,-9999.000,-9999.000,128.400,2.200,-0.600,43.300,2860.000,39.513,-121.136
72159,11.100,23.000,740.060,-9999.000,-9999.000,-9999.000,128.500,2.300,-0.500,43.400,2860.000,39.513,-121.136
72160,11.100,23.000,740.020,-9999.000,-9999.000,-9999.000,128.500,2.300,-0.500,43.500,2859.000,39.512,-121.135
72161,11.100,23.000,740.100,-9999.000,-9999.000,-9999.000,128.500,2.300,-0.600,43.500,2859.000,39.512,-121.135
72162,11.100,23.000,740.040,-9999.000,-9999.000,-9999.000,128.400,2.300,-0.500,43.700,2859.000,39.511,-121.134
72163,11.100,23.000,739.980,-9999.000,-9999.000,-9999.000,128.300,2.200,-0.600,43.700,2859.000,39.511,-121.134
72164,11.100,23.000,740.020,-9999.000,-9999.000,-9999.000,128.400,2.000,-0.500,43.900,2859.000,39.511,-121.133
72165,11.100,23.000,739.980,-9999.000,-9999.000,-9999.000,128.400,1.900,-0.400,44.000,2858.000,39.510,-121.133
72166,11.110,23.200,740.040,-9999.000,-9999.000,-9999.000,128.300,1.800,-0.500,44.100,2858.000,39.510,-121.132
72167,11.130,23.200,740.120,-9999.000,-9999.000,-9999.000,128.200,1.700,-0.500,44.200,2857.000,39.509,-121.131
72168,11.140,23.200,740.240,-9999.000,-9999.000,-9999.000,128.100,1.700,-0.500,44.400,2857.000,39.509,-121.131
72169,11.170,23.200,740.260,-9999.000,-9999.000,-9999.000,128.100,1.700,-0.500,44.400,2856.000,39.508,-121.130
72170,11.170,23.000,740.380,-9999.000,-9999.000,-9999.000,128.100,1.700,-0.400,44.500,2855.000,39.508,-121.130
72171,11.150,23.000,740.400,-9999.000,-9999.000,-9999.000,128.100,1.700,-0.500,44.700,2855.000,39.507,-121.129
72172,11.170,23.000,740.480,-9999.000,-9999.000,-9999.000,128.100,1.800,-0.600,44.700,2854.000,39.507,-121.129
72173,11.170,22.900,740.560,-9999.000,-9999.000,-9999.000,128.200,1.800,-0.600,44.700,2853.000,39.506,-121.128
72174,11.150,22.800,740.600,-9999.000,-9999.000,-9999.000,128.300,1.700,-0.500,44.700,2852.000,39.506,-121.128
72175,11.130,22.800,740.700,-9999.000,-9999.000,-9999.000,128.500,1.700,-0.500,44.800,2851.000,39.505,-121.127
72176,11.130,22.800,740.820,-9999.000,-9999.000,-9999.000,128.600,1.700,-0.400,44.700,2849.000,39.505,-121.127
72177,11.110,22.800,741.060,-9999.000,-9999.000,-9999.000,128.700,1.700,-0.400,44.600,2848.000,39.505,-121.126
72178,11.110,22.800,741.220,-9999.000,-9999.000,-9999.000,128.800,1.800,-0.400,44.500,2847.000,39.504,-121.126
72179,11.100,22.800,741.360,-9999.000,-9999.000,-9999.000,128.700,1.900,-0.500,44.400,2845.000,39.504,-121.125
72180,11.090,22.800,741.420,-9999.000,-9999.000,-9999.000,128.700,2.000,-0.600,44.600,2844.000,39.503,-121.125
72181,11.090,22.800,741.500,-9999.000,-9999.000,-9999.000,128.700,2.000,-0.500,44.500,2843.000,39.503,-121.124
72182,11.090,22.800,741.580,-9999.000,-9999.000,-9999.000,128.800,2.100,-0.400,44.500,2842.000,39.502,-121.124
72183,11.070,22.800,741.620,-9999.000,-9999.000,-9999.000,128.800,2.100,-0.500,44.500,2841.000,39.502,-121.123
72184,11.060,22.800,741.680,-9999.000,-9999.000,-9999.000,128.700,2.200,-0.500,44.500,2841.000,39.501,-121.122
72185,11.050,22.800,741.720,-9999.000,-9999.000,-9999.000,128.800,2.200,-0.600,44.500,2840.000,39.501,-121.122
72186,11.050,22.800,741.760,-9999.000,-9999.000,-9999.000,128.700,2.200,-0.600,44.400,2840.000,39.500,-121.121
72187,11.050,22.800,741.800,-9999.000,-9999.000,-9999.000,128.700,2.200,-0.600,44.400,2839.000,39.500,-121.121
72188,11.050,22.800,741.820,-9999.000,-9999.000,-9999.000,128.800,2.200,-0.500,44.400,2839.000,39.499,-121.120
72189,11.030,22.800,741.820,-9999.000,-9999.000,-9999.000,128.800,2.200,-0.500,44.400,2839.000,39.499,-121.120
72190,11.030,22.700,741.860,-9999.000,-9999.000,-9999.000,128.800,2.300,-0.500,44.300,2838.000,39.498,-121.119
72191,11.030,22.700,741.860,-9999.000,-9999.000,-9999.000,128.800,2.300,-0.500,44.200,2838.000,39.498,-121.119
72192,11.030,22.700,741.820,-9999.000,-9999.000,-9999.000,128.800,2.200,-0.500,44.100,2838.000,39.497,-121.118
72193,11.030,22.600,741.880,-9999.000,-9999.000,-9999.000,128.800,2.200,-0.600,44.000,2838.000,39.497,-121.118
72194,11.030,22.600,741.880,-9999.000,-9999.000,-9999.000,128.800,2.200,-0.500,44.100,2838.000,39.497,-121.117
72195,11.030,22.600,741.880,-9999.000,-9999.000,-9999.000,128.800,2.200,-0.500,44.100,2838.000,39.496,-121.117
72196,11.050,22.600,741.920,-9999.000,-9999.000,-9999.000,128.900,2.200,-0.500,44.000,2838.000,39.496,-121.116
72197,11.050,22.600,741.940,-9999.000,-9999.000,-9999.000,128.800,2.300,-0.600,43.900,2837.000,39.495,-121.116
72198,11.030,22.600,741.940,-9999.000,-9999.000,-9999.000,128.800,2.300,-0.700,44.000,2837.000,39.495,-121.115
72199,11.030,22.600,741.900,-9999.000,-9999.000,-9999.000,128.800,2.300,-0.600,44.100,2837.000,39.494,-121.115
72200,11.050,22.600,741.900,-9999.000,-9999.000,-9999.000,128.700,2.400,-0.600,43.900,2837.000,39.494,-121.114
72201,11.050,22.600,741.880,-9999.000,-9999.000,-9999.000,128.700,2.300,-0.600,44.100,2837.000,39.493,-121.113
72202,11.050,22.700,741.880,-9999.000,-9999.000,-9999.000,128.600,2.300,-0.600,44.100,2838.000,39.493,-121.113
72203,11.050,22.700,741.880,-9999.000,-9999.000,-9999.000,128.600,2.300,-0.500,44.300,2838.000,39.492,-121.112
72204,11.050,22.700,741.880,-9999.000,-9999.000,-9999.000,128.600,2.300,-0.500,44.300,2838.000,39.492,-121.112
72205,11.050,22.700,741.900,-9999.000,-9999.000,-9999.000,128.600,2.300,-0.500,44.300,2838.000,39.491,-121.111
72206,11.060,22.800,741.880,-9999.000,-9999.000,-9999.000,128.600,2.300,-0.500,44.300,2838.000,39.491,-121.111
72207,11.070,22.800,741.900,-9999.000,-9999.000,-9999.000,128.600,2.400,-0.600,44.300,2838.000,39.490,-121.110
72208,11.060,22.900,741.880,-9999.000,-9999.000,-9999.000,128.700,2.300,-0.500,44.400,2838.000,39.490,-121.110
72209,11.060,22.900,741.900,-9999.000,-9999.000,-9999.000,128.700,2.300,-0.600,44.400,2838.000,39.489,-121.109
72210,11.070,22.900,741.880,-9999.000,-9999.000,-9999.000,128.700,2.300,-0.600,44.300,2838.000,39.489,-121.109
72211,11.070,22.900,741.880,-9999.000,-9999.000,-9999.000,128.700,2.300,-0.600,44.200,2838.000,39.489,-121.108
72212,11.070,22.900,741.920,-9999.000,-9999.000,-9999.000,128.700,2.400,-0.600,44.200,2838.000,39.488,-121.108
72213,11.070,22.900,741.920,-9999.000,-9999.000,-9999.000,128.600,2.400,-0.600,44.200,2838.000,39.488,-121.107
72214,11.070,22.900,741.880,-9999.000,-9999.000,-9999.000,128.600,2.400,-0.600,44.100,2837.000,39.487,-121.107
72215,11.070,22.900,741.880,-9999.000,-9999.000,-9999.000,128.700,2.400,-0.600,44.100,2837.000,39.487,-121.106
72216,11.090,23.000,741.920,-9999.000,-9999.000,-9999.000,128.700,2.400,-0.600,44.000,2837.000,39.486,-121.105
72217,11.090,23.000,741.920,-9999.000,-9999.000,-9999.000,128.700,2.400,-0.600,44.000,2837.000,39.486,-121.105
72218,11.090,23.000,741.940,-9999.000,-9999.000,-9999.000,128.600,2.400,-0.600,43.900,2837.000,39.485,-121.104
72219,11.090,23.000,741.980,-9999.000,-9999.000,-9999.000,128.600,2.500,-0.700,43.800,2837.000,39.485,-121.104
72220,11.070,23.000,742.000,-9999.000,-9999.000,-9999.000,128.700,2.500,-0.600,43.800,2836.000,39.484,-121.103
72221,11.070,23.000,742.000,-9999.000,-9999.000,-9999.000,128.700,2.500,-0.500,43.600,2836.000,39.484,-121.103
72222,11.070,23.000,741.980,-9999.000,-9999.000,-9999.000,128.600,2.500,-0.600,43.500,2836.000,39.483,-121.102
72223,11.070,23.000,742.060,-9999.000,-9999.000,-9999.000,128.700,2.600,-0.500,43.500,2836.000,39.483,-121.102
72224,11.060,23.000,742.020,-9999.000,-9999.000,-9999.000,128.600,2.600,-0.500,43.500,2836.000,39.482,-121.101
72225,11.060,23.000,742.080,-9999.000,-9999.000,-9999.000,128.800,2.700,-0.400,43.400,2836.000,39.482,-121.101
72226,11.060,23.000,742.040,-9999.000,-9999.000,-9999.000,128.800,2.600,-0.500,43.300,2836.000,39.482,-121.100
72227,11.060,23.200,742.120,-9999.000,-9999.000,-9999.000,128.800,2.700,-0.500,43.100,2836.000,39.481,-121.100
72228,11.060,23.200,742.080,-9999.000,-9999.000,-9999.000,128.800,2.700,-0.500,43.100,2835.000,39.481,-121.099
72229,11.070,23.200,742.060,-9999.000,-9999.000,-9999.000,128.700,2.700,-0.600,42.900,2835.000,39.480,-121.099
72230,11.060,23.200,742.100,-9999.000,-9999.000,-9999.000,128.700,2.700,-0.700,42.900,2835.000,39.480,-121.098
72231,11.060,23.200,742.060,-9999.000,-9999.000,-9999.000,128.700,2.700,-0.600,42.700,2835.000,39.479,-121.098
72232,11.060,23.200,742.040,-9999.000,-9999.000,-9999.000,128.700,2.700,-0.600,42.700,2835.000,39.479,-121.097
72233,11.050,23.200,742.080,-9999.000,-9999.000,-9999.000,128.700,2.700,-0.600,42.700,2835.000,39.478,-121.096
72234,11.050,23.000,742.060,-9999.000,-9999.000,-9999.000,128.700,2.800,-0.600,42.500,2835.000,39.478,-121.096
72235,11.050,23.200,742.020,-9999.000,-9999.000,-9999.000,128.700,2.700,-0.500,42.600,2835.000,39.477,-121.095
72236,11.050,23.000,742.020,-9999.000,-9999.000,-9999.000,128.700,2.700,-0.500,42.500,2835.000,39.477,-121.095
72237,11.050,23.000,742.060,-9999.000,-9999.000,-9999.000,128.700,2.700,-0.600,42.400,2835.000,39.476,-121.094
72238,11.050,22.900,742.040,-9999.000,-9999.000,-9999.000,128.700,2.800,-0.600,42.300,2835.000,39.476,-121.094
72239,11.050,22.900,742.040,-9999.000,-9999.000,-9999.000,128.600,2.800,-0.600,42.500,2835.000,39.476,-121.093
72240,11.050,22.800,742.020,-9999.000,-9999.000,-9999.000,128.600,2.800,-0.600,42.400,2835.000,39.475,-121.093
72241,11.050,22.800,741.980,-9999.000,-9999.000,-9999.000,128.600,2.800,-0.500,42.300,2836.000,39.475,-121.092
72242,11.050,22.700,742.020,-9999.000,-9999.000,-9999.000,128.600,2.800,-0.500,42.200,2836.000,39.474,-121.092
72243,11.050,22.600,741.960,-9999.000,-9999.000,-9999.000,128.600,2.800,-0.600,42.100,2836.000,39.474,-121.091
72244,11.030,22.600,742.000,-9999.000,-9999.000,-9999.000,128.600,2.700,-0.500,42.200,2836.000,39.473,-121.091
72245,11.030,22.500,742.000,-9999.000,-9999.000,-9999.000,128.700,2.800,-0.400,42.100,2836.000,39.473,-121.090
72246,11.030,22.400,741.980,-9999.000,-9999.000,-9999.000,128.700,2.700,-0.400,42.200,2836.000,39.472,-121.090
72247,11.030,22.400,741.980,-9999.000,-9999.000,-9999.000,128.600,2.700,-0.400,42.000,2836.000,39.472,-121.089
72248,11.030,22.300,741.980,-9999.000,-9999.000,-9999.000,128.700,2.700,-0.500,42.000,2836.000,39.471,-121.089
72249,11.030,22.200,742.020,-9999.000,-9999.000,-9999.000,128.700,2.800,-0.500,42.000,2836.000,39.471,-121.088
72250,11.030,22.200,741.980,-9999.000,-9999.000,-9999.000,128.600,2.800,-0.500,41.900,2836.000,39.470,-121.088
72251,11.020,22.100,741.980,-9999.000,-9999.000,-9999.000,128.600,2.800,-0.400,42.000,2836.000,39.470,-121.087
72252,11.020,22.100,741.960,-9999.000,-9999.000,-9999.000,128.600,2.800,-0.400,41.900,2836.000,39.470,-121.086
72253,11.020,22.100,741.940,-9999.000,-9999.000,-9999.000,128.600,2.800,-0.400,41.900,2836.000,39.469,-121.086
72254,11.010,22.000,741.940,-9999.000,-9999.000,-9999.000,128.700,2.800,-0.400,41.900,2836.000,39.469,-121.085
72255,11.010,22.000,741.920,-9999.000,-9999.000,-9999.000,128.600,2.700,-0.400,41.900,2836.000,39.468,-121.085
72256,11.010,22.000,741.940,-9999.000,-9999.000,-9999.000,128.700,2.800,-0.400,41.900,2836.000,39.468,-121.084
72257,11.010,22.000,741.900,-9999.000,-9999.000,-9999.000,128.700,2.700,-0.300,41.900,2836.000,39.467,-121.084
72258,11.010,22.000,741.900,-9999.000,-9999.000,-9999.000,128.600,2.800,-0.400,41.700,2836.000,39.467,-121.083
72259,11.010,21.900,741.920,-9999.000,-9999.000,-9999.000,128.600,2.800,-0.500,41.700,2836.000,39.466,-121.083
72260,11.010,21.900,741.900,-9999.000,-9999.000,-9999.000,128.600,2.700,-0.400,41.800,2836.000,39.466,-121.082
72261,11.000,21.900,741.880,-9999.000,-9999.000,-9999.000,128.600,2.800,-0.300,41.800,2837.000,39.465,-121.082
72262,11.000,21.900,741.900,-9999.000,-9999.000,-9999.000,128.600,2.800,-0.400,41.700,2837.000,39.465,-121.081
72263,11.000,21.900,741.880,-9999.000,-9999.000,-9999.000,128.700,2.800,-0.300,41.700,2837.000,39.464,-121.081
72264,11.000,21.900,741.860,-9999.000,-9999.000,-9999.000,128.700,2.800,-0.300,41.800,2837.000,39.464,-121.080
72265,11.010,21.900,741.880,-9999.000,-9999.000,-9999.000,128.600,2.800,-0.400,41.600,2837.000,39.463,-121.080
72266,11.000,21.900,741.880,-9999.000,-9999.000,-9999.000,128.600,2.800,-0.400,41.700,2837.000,39.463,-121.079
72267,11.000,21.900,741.880,-9999.000,-9999.000,-9999.000,128.600,2.800,-0.400,41.700,2837.000,39.463,-121.079
72268,10.980,21.900,741.880,-9999.000,-9999.000,-9999.000,128.600,2.800,-0.400,41.700,2837.000,39.462,-121.078
72269,10.970,21.900,741.860,-9999.000,-9999.000,-9999.000,128.700,2.800,-0.400,41.800,2837.000,39.462,-121.078
72270,10.970,22.000,741.860,-9999.000,-9999.000,-9999.000,128.700,2.800,-0.300,41.800,2837.000,39.461,-121.077
72271,10.980,22.000,741.860,-9999.000,-9999.000,-9999.000,128.700,2.800,-0.300,42.000,2837.000,39.461,-121.076
72272,10.980,22.000,741.860,-9999.000,-9999.000,-9999.000,128.700,2.700,-0.400,42.000,2837.000,39.460,-121.076
72273,10.980,22.000,741.840,-9999.000,-9999.000,-9999.000,128.700,2.700,-0.400,42.100,2837.000,39.460,-121.075
72274,10.980,22.000,741.840,-9999.000,-9999.000,-9999.000,128.700,2.700,-0.300,42.200,2838.000,39.459,-121.075
72275,10.980,22.000,741.840,-9999.000,-9999.000,-9999.000,128.700,2.700,-0.300,42.100,2838.000,39.459,-121.074
72276,10.980,22.000,741.800,-9999.000,-9999.000,-9999.000,128.700,2.700,-0.400,42.200,2838.000,39.458,-121.074
72277,10.980,22.000,741.780,-9999.000,-9999.000,-9999.000,128.700,2.700,-0.400,42.200,2838.000,39.458,-121.073
72278,10.980,22.000,741.780,-9999.000,-9999.000,-9999.000,128.800,2.700,-0.300,42.100,2838.000,39.457,-121.073
72279,10.970,22.000,741.780,-9999.000,-9999.000,-9999.000,128.900,2.600,-0.300,42.300,2838.000,39.457,-121.072
72280,10.970,22.000,741.820,-9999.000,-9999.000,-9999.000,128.800,2.700,-0.400,42.200,2838.000,39.457,-121.072
72281,10.960,22.000,741.800,-9999.000,-9999.000,-9999.000,128.700,2.600,-0.500,42.300,2838.000,39.456,-121.071
72282,10.970,22.000,741.800,-9999.000,-9999.000,-9999.000,128.800,2.700,-0.400,42.300,2838.000,39.456,-121.071
