notebooks/czml/FlightData_N57_20220923_RA.ict
46, 1001
Ken Aikin, Steven S. Brown
NOAA Chemical Sciences Laboratory
AIMMS Probe
CalFiDE
1, 1
2022, 09, 23, 2022, 09, 25
1
TO_Time_UTC, seconds, seconds past midnight
13
1, 1, 1, 1, 1, 1, 1, 1, 1, 1, 1, 1, 1
-9999, -9999, -9999, -9999, -9999, -9999, -9999, -9999, -9999, -9999, -9999, -9999, -9999
AmbTemp, C
RelHumidity, %
StaticPrs, hPa
VertWindSpd, m/s
WindDir, deg
WindSpd, m/s
Heading, deg
Pitch, deg
Roll, deg
TrueAirSpd, m/s
GPSAlt, m
GPSLat, deg
GPSLon, deg
1
SPECIAL COMMENTS: No wind data.
18
PI_CONTACT_INFO: Address: 325 Broadway, Boulder CO 80305
PLATFORM: NOAA Twin Otter N57RF
LOCATION: California and Oregon
ASSOCIATED_DATA: N/A
INSTRUMENT_INFO: N/A
DATA_INFO: Units: 
UNCERTAINTY: N/A
ULOD_FLAG: -7777
ULOD_VALUE: N/A
LLOD_FLAG: -8888
LLOD_VALUE: N/A
DM_CONTACT_INFO: Ken Aikin kenneth.c.aikin@noaa.gov
PROJECT_INFO: CalFiDE August - September 2022 https://csl.noaa.gov/groups/csl7/measurements/2022calfide/
STIPULATIONS_ON_USE: Use of these data require prior ok from PI.
OTHER_COMMENTS: N/A
REVISION: RA
RA: Preliminary Data.  For in-field use only.
TO_Time_UTC, AmbTemp, RelHumidity, StaticPrs, VertWindSpd, WindDir, WindSpd, Heading, Pitch, Roll, TrueAirSpd, GPSAlt, GPSLat, GPSLon
[from data line 6213]
76053,23.260,45.000,955.100,-9999.000,-9999.000,-9999.000,77.500,2.400,-1.100,42.600,645.000,38.482,-121.192
76054,23.230,44.900,955.060,-9999.000,-9999.000,-9999.000,77.400,2.400,-0.400,43.500,645.000,38.483,-121.191
76055,23.290,44.600,955.280,-9999.000,-9999.000,-9999.000,77.300,2.300,0.000,42.300,646.000,38.483,-121.191
76056,23.300,44.500,955.060,-9999.000,-9999.000,-9999.000,77.000,2.300,-1.000,41.900,646.000,38.483,-121.190
76057,23.300,44.500,954.920,-9999.000,-9999.000,-9999.000,76.900,2.200,-1.500,42.000,646.000,38.484,-121.189
76058,23.270,44.500,954.940,-9999.000,-9999.000,-9999.000,76.700,2.100,-1.000,42.700,645.000,38.484,-121.189
76059,23.310,44.300,955.160,-9999.000,-9999.000,-9999.000,76.400,2.200,-1.100,42.100,645.000,38.484,-121.188
76060,23.290,44.300,955.280,-9999.000,-9999.000,-9999.000,77.000,2.300,-0.600,43.000,645.000,38.485,-121.188
76061,23.260,44.300,955.300,-9999.000,-9999.000,-9999.000,78.200,2.500,-0.300,43.600,644.000,38.485,-121.187
76062,23.340,44.300,955.900,-9999.000,-9999.000,-9999.000,78.900,2.500,-0.300,41.200,644.000,38.485,-121.186
76063,23.290,44.600,956.020,-9999.000,-9999.000,-9999.000,77.900,2.500,-0.700,41.800,644.000,38.486,-121.186
76064,23.270,44.800,955.320,-9999.000,-9999.000,-9999.000,77.500,2.700,-0.200,41.900,645.000,38.486,-121.185
76065,23.290,45.000,954.840,-9999.000,-9999.000,-9999.000,77.900,2.500,-0.800,41.600,647.000,38.486,-121.185
76066,23.250,45.200,954.040,-9999.000,-9999.000,-9999.000,78.000,2.200,-0.200,42.800,649.000,38.487,-121.184
76067,23.300,45.000,954.160,-9999.000,-9999.000,-9999.000,78.100,1.700,-0.900,40.800,650.000,38.487,-121.183
76068,23.310,45.100,954.120,-9999.000,-9999.000,-9999.000,78.300,1.500,-0.500,40.600,650.000,38.488,-121.183
76069,23.320,45.100,954.280,-9999.000,-9999.000,-9999.000,77.800,1.100,-0.700,39.900,650.000,38.488,-121.182
76070,23.390,45.000,954.220,-9999.000,-9999.000,-9999.000,77.800,1.500,-0.100,38.000,649.000,38.488,-121.181
76071,23.310,45.200,954.660,-9999.000,-9999.000,-9999.000,77.900,1.400,-0.500,40.800,649.000,38.489,-121.181
76072,23.300,45.200,954.060,-9999.000,-9999.000,-9999.000,77.800,1.900,0.000,41.000,648.000,38.489,-121.180
76073,23.350,45.200,954.640,-9999.000,-9999.000,-9999.000,77.600,1.500,-0.500,39.800,647.000,38.489,-121.180
76074,23.280,45.300,955.060,-9999.000,-9999.000,-9999.000,76.600,1.900,-0.700,41.300,646.000,38.490,-121.179
76075,23.290,45.300,955.120,-9999.000,-9999.000,-9999.000,76.300,2.100,-0.800,41.200,644.000,38.490,-121.178
76076,23.290,45.300,955.740,-9999.000,-9999.000,-9999.000,76.200,2.300,-0.900,41.400,643.000,38.490,-121.178
76077,23.360,45.200,955.880,-9999.000,-9999.000,-9999.000,76.800,2.700,-0.800,40.200,643.000,38.491,-121.177
76078,23.350,45.200,955.500,-9999.000,-9999.000,-9999.000,77.000,2.800,-0.300,41.000,643.000,38.491,-121.176
76079,23.400,45.100,955.840,-9999.000,-9999.000,-9999.000,76.700,2.700,-0.700,40.200,643.000,38.492,-121.176
76080,23.360,45.100,955.440,-9999.000,-9999.000,-9999.000,76.700,2.900,-0.800,41.000,643.000,38.492,-121.175
76081,23.310,45.200,955.140,-9999.000,-9999.000,-9999.000,77.000,2.800,-0.900,43.200,644.000,38.492,-121.175
76082,23.390,44.900,954.860,-9999.000,-9999.000,-9999.000,77.100,2.800,-1.300,41.600,644.000,38.493,-121.174
76083,23.440,44.600,954.900,-9999.000,-9999.000,-9999.000,76.300,2.500,0.000,40.100,645.000,38.493,-121.173
76084,23.380,44.600,955.140,-9999.000,-9999.000,-9999.000,75.400,2.600,-0.800,40.900,645.000,38.493,-121.173
76085,23.390,44.600,955.140,-9999.000,-9999.000,-9999.000,75.600,2.500,-0.200,40.500,645.000,38.494,-121.172
76086,23.390,44.700,955.080,-9999.000,-9999.000,-9999.000,75.800,2.400,-0.500,40.200,645.000,38.494,-121.171
76087,23.430,44.700,954.860,-9999.000,-9999.000,-9999.000,76.500,2.500,0.200,40.000,645.000,38.495,-121.171
76088,23.440,44.700,954.880,-9999.000,-9999.000,-9999.000,77.000,2.400,-0.400,39.700,645.000,38.495,-121.170
76089,23.460,44.600,954.900,-9999.000,-9999.000,-9999.000,77.000,2.400,-0.800,39.000,645.000,38.495,-121.170
76090,23.430,44.700,955.220,-9999.000,-9999.000,-9999.000,76.600,2.500,-0.700,40.200,644.000,38.496,-121.169
76091,23.450,44.500,956.000,-9999.000,-9999.000,-9999.000,76.600,2.500,-0.500,38.700,643.000,38.496,-121.168
76092,23.390,44.600,955.300,-9999.000,-9999.000,-9999.000,76.300,3.000,-0.900,40.600,643.000,38.496,-121.168
76093,23.350,44.800,955.580,-9999.000,-9999.000,-9999.000,76.300,3.000,-1.200,41.600,643.000,38.497,-121.167
76094,23.420,44.600,955.660,-9999.000,-9999.000,-9999.000,76.700,3.200,-0.400,40.100,644.000,38.497,-121.166
76095,23.390,44.700,955.000,-9999.000,-9999.000,-9999.000,76.700,3.200,-0.900,40.300,645.000,38.497,-121.166
76096,23.450,44.600,955.780,-9999.000,-9999.000,-9999.000,76.300,2.700,-0.700,38.300,646.000,38.498,-121.165
76097,23.420,44.700,955.000,-9999.000,-9999.000,-9999.000,76.000,2.700,0.000,39.800,647.000,38.498,-121.165
76098,23.400,44.800,954.620,-9999.000,-9999.000,-9999.000,77.100,2.600,-0.400,39.900,649.000,38.498,-121.164
76099,23.390,44.700,953.820,-9999.000,-9999.000,-9999.000,77.800,2.100,-0.400,39.600,651.000,38.499,-121.163
76100,23.400,44.700,953.560,-9999.000,-9999.000,-9999.000,77.100,1.600,-1.400,38.600,651.000,38.499,-121.163
76101,23.370,44.800,954.260,-9999.000,-9999.000,-9999.000,76.000,1.500,-1.300,39.700,650.000,38.500,-121.162
76102,23.360,44.900,954.620,-9999.000,-9999.000,-9999.000,76.100,1.600,-0.700,40.500,650.000,38.500,-121.162
76103,23.380,44.900,954.480,-9999.000,-9999.000,-9999.000,76.600,2.100,-0.200,41.000,649.000,38.500,-121.161
76104,23.360,45.000,954.900,-9999.000,-9999.000,-9999.000,76.700,2.300,-0.900,41.800,648.000,38.501,-121.160
76105,23.390,45.000,954.800,-9999.000,-9999.000,-9999.000,76.000,2.000,-0.100,41.700,648.000,38.501,-121.160
76106,23.420,45.000,955.140,-9999.000,-9999.000,-9999.000,75.900,2.500,0.000,41.200,648.000,38.501,-121.159
76107,23.350,45.200,954.420,-9999.000,-9999.000,-9999.000,75.900,2.500,0.000,43.400,649.000,38.502,-121.158
76108,23.380,45.100,955.420,-9999.000,-9999.000,-9999.000,76.400,2.200,0.100,42.800,652.000,38.502,-121.158
76109,23.400,45.200,954.140,-9999.000,-9999.000,-9999.000,76.500,1.900,-0.200,42.700,655.000,38.502,-121.157
76110,23.320,45.300,954.020,-9999.000,-9999.000,-9999.000,76.000,1.200,-0.100,43.700,658.000,38.503,-121.157
76111,23.390,45.000,953.040,-9999.000,-9999.000,-9999.000,75.100,0.600,-1.100,41.200,660.000,38.503,-121.156
76112,23.360,45.100,952.700,-9999.000,-9999.000,-9999.000,75.300,0.000,-0.900,41.800,662.000,38.504,-121.155
76113,23.390,45.100,953.220,-9999.000,-9999.000,-9999.000,76.500,-0.500,-0.100,41.800,662.000,38.504,-121.155
76114,23.380,45.100,953.500,-9999.000,-9999.000,-9999.000,75.900,-0.700,0.100,41.600,660.000,38.504,-121.154
76115,23.380,45.100,954.460,-9999.000,-9999.000,-9999.000,75.700,-0.600,-1.600,41.600,659.000,38.505,-121.153
76116,23.310,45.200,953.320,-9999.000,-9999.000,-9999.000,75.800,0.000,-1.700,43.400,656.000,38.505,-121.153
76117,23.300,45.300,953.560,-9999.000,-9999.000,-9999.000,76.600,0.100,-1.200,44.100,653.000,38.505,-121.152
76118,23.300,45.300,955.140,-9999.000,-9999.000,-9999.000,77.100,0.600,0.100,44.100,649.000,38.506,-121.151
76119,23.360,45.300,955.800,-9999.000,-9999.000,-9999.000,76.900,1.300,0.000,43.500,646.000,38.506,-121.151
76120,23.430,45.200,955.920,-9999.000,-9999.000,-9999.000,76.700,1.900,-0.200,42.700,644.000,38.507,-121.150
76121,23.370,45.300,955.620,-9999.000,-9999.000,-9999.000,76.700,2.400,-1.000,43.500,644.000,38.507,-121.150
76122,23.300,45.400,954.680,-9999.000,-9999.000,-9999.000,77.000,2.700,-0.400,45.400,644.000,38.507,-121.149
76123,23.400,45.200,955.460,-9999.000,-9999.000,-9999.000,77.500,2.400,-1.200,43.000,644.000,38.508,-121.148
76124,23.380,45.300,955.500,-9999.000,-9999.000,-9999.000,77.600,2.400,-1.000,43.600,644.000,38.508,-121.148
76125,23.370,45.400,955.080,-9999.000,-9999.000,-9999.000,77.800,2.500,-0.500,44.000,644.000,38.508,-121.147
76126,23.360,45.300,955.040,-9999.000,-9999.000,-9999.000,78.100,2.300,-0.300,44.300,645.000,38.509,-121.146
76127,23.380,45.300,955.280,-9999.000,-9999.000,-9999.000,77.500,2.400,-0.700,44.300,645.000,38.509,-121.146
76128,23.390,45.300,955.280,-9999.000,-9999.000,-9999.000,77.200,2.400,-0.700,44.700,645.000,38.510,-121.145
76129,23.320,45.500,954.120,-9999.000,-9999.000,-9999.000,77.800,2.300,-0.800,47.700,645.000,38.510,-121.144
76130,23.440,45.200,954.700,-9999.000,-9999.000,-9999.000,77.100,2.400,-1.500,45.000,645.000,38.510,-121.144
76131,23.560,45.000,954.960,-9999.000,-9999.000,-9999.000,77.200,2.000,-1.000,43.300,645.000,38.511,-121.143
76132,23.610,44.700,955.740,-9999.000,-9999.000,-9999.000,76.900,2.100,-0.800,42.000,644.000,38.511,-121.143
76133,23.590,44.600,955.720,-9999.000,-9999.000,-9999.000,76.800,2.300,-0.800,41.700,643.000,38.511,-121.142
76134,23.510,44.700,955.280,-9999.000,-9999.000,-9999.000,76.100,2.500,-1.100,42.700,643.000,38.512,-121.141
76135,23.600,44.600,956.100,-9999.000,-9999.000,-9999.000,76.300,2.500,-1.800,40.500,643.000,38.512,-121.141
76136,23.600,44.600,955.380,-9999.000,-9999.000,-9999.000,76.600,2.700,-0.400,40.300,644.000,38.512,-121.140
76137,23.610,44.600,955.180,-9999.000,-9999.000,-9999.000,77.400,2.500,-0.400,39.900,646.000,38.513,-121.139
76138,23.590,44.700,954.700,-9999.000,-9999.000,-9999.000,77.500,2.200,-0.200,40.700,648.000,38.513,-121.139
76139,23.640,44.600,955.080,-9999.000,-9999.000,-9999.000,76.300,1.600,0.300,38.900,650.000,38.514,-121.138
76140,23.600,44.800,954.140,-9999.000,-9999.000,-9999.000,75.300,1.700,-1.600,41.800,653.000,38.514,-121.138
76141,23.540,44.900,953.860,-9999.000,-9999.000,-9999.000,76.700,1.200,0.600,42.800,656.000,38.514,-121.137
76142,23.590,44.800,952.960,-9999.000,-9999.000,-9999.000,76.800,0.300,-0.500,41.900,657.000,38.515,-121.136
76143,23.520,44.700,952.680,-9999.000,-9999.000,-9999.000,76.200,0.000,-1.100,42.500,658.000,38.515,-121.136
76144,23.510,44.700,953.880,-9999.000,-9999.000,-9999.000,76.100,-0.300,-0.700,42.100,657.000,38.515,-121.135
76145,23.510,44.700,954.240,-9999.000,-9999.000,-9999.000,77.000,0.100,-0.900,42.600,655.000,38.516,-121.134
76146,23.510,44.600,954.460,-9999.000,-9999.000,-9999.000,77.000,0.100,-0.300,42.300,654.000,38.516,-121.134
76147,23.460,44.600,954.640,-9999.000,-9999.000,-9999.000,76.000,0.700,-1.800,43.200,652.000,38.516,-121.133
76148,23.440,44.800,954.640,-9999.000,-9999.000,-9999.000,75.700,1.000,-1.000,45.300,651.000,38.517,-121.132
76149,23.520,44.600,954.620,-9999.000,-9999.000,-9999.000,77.000,1.300,0.000,44.500,650.000,38.517,-121.132
76150,23.480,44.600,954.640,-9999.000,-9999.000,-9999.000,78.100,1.400,-1.400,45.500,648.000,38.518,-121.131
76151,23.510,44.400,955.200,-9999.000,-9999.000,-9999.000,77.700,1.500,-1.400,44.500,647.000,38.518,-121.131
76152,23.500,44.300,955.100,-9999.000,-9999.000,-9999.000,77.500,2.000,-1.700,44.800,646.000,38.518,-121.130
76153,23.510,44.200,955.060,-9999.000,-9999.000,-9999.000,77.600,2.100,-1.000,44.600,646.000,38.519,-121.129
76154,23.600,44.000,955.500,-9999.000,-9999.000,-9999.000,77.800,2.100,-0.500,42.100,645.000,38.519,-121.129
76155,23.550,44.000,955.260,-9999.000,-9999.000,-9999.000,77.600,2.200,-1.500,43.000,645.000,38.519,-121.128
76156,23.480,44.100,955.180,-9999.000,-9999.000,-9999.000,77.300,2.200,-0.900,44.900,644.000,38.520,-121.127
76157,23.540,44.000,955.280,-9999.000,-9999.000,-9999.000,77.000,2.400,-1.000,45.000,644.000,38.520,-121.127
76158,23.620,43.800,955.480,-9999.000,-9999.000,-9999.000,76.900,2.300,-0.900,42.900,643.000,38.520,-121.126
76159,23.600,43.800,955.760,-9999.000,-9999.000,-9999.000,76.900,2.600,-1.500,43.600,642.000,38.521,-121.125
76160,23.610,43.600,955.980,-9999.000,-9999.000,-9999.000,76.200,2.700,-1.400,42.600,641.000,38.521,-121.125
76161,23.670,43.600,955.860,-9999.000,-9999.000,-9999.000,75.600,2.900,-1.800,40.700,642.000,38.522,-121.124
76162,23.570,43.800,955.280,-9999.000,-9999.000,-9999.000,76.500,2.800,-0.600,42.500,643.000,38.522,-121.124
76163,23.560,43.900,954.960,-9999.000,-9999.000,-9999.000,77.400,2.700,-0.800,42.900,645.000,38.522,-121.123
76164,23.540,44.100,954.860,-9999.000,-9999.000,-9999.000,76.900,2.400,-0.400,44.400,647.000,38.523,-121.122
76165,23.620,43.900,954.460,-9999.000,-9999.000,-9999.000,76.800,2.200,-1.700,43.400,648.000,38.523,-121.122
76166,23.590,43.900,954.160,-9999.000,-9999.000,-9999.000,76.900,1.800,-0.900,44.500,649.000,38.523,-121.121
76167,23.650,43.600,954.560,-9999.000,-9999.000,-9999.000,76.600,1.600,-0.100,43.300,649.000,38.524,-121.120
76168,23.680,43.600,954.520,-9999.000,-9999.000,-9999.000,76.500,1.800,-0.800,42.600,648.000,38.524,-121.120
76169,23.710,43.400,954.980,-9999.000,-9999.000,-9999.000,76.200,1.700,-0.300,41.600,648.000,38.524,-121.119
76170,23.670,43.500,954.480,-9999.000,-9999.000,-9999.000,75.400,2.000,-1.200,43.200,647.000,38.525,-121.119
76171,23.850,43.400,955.080,-9999.000,-9999.000,-9999.000,76.100,2.100,0.200,42.400,646.000,38.525,-121.118
76172,23.820,43.400,955.040,-9999.000,-9999.000,-9999.000,75.700,2.200,0.100,43.100,645.000,38.526,-121.117
76173,23.800,43.100,955.520,-9999.000,-9999.000,-9999.000,75.400,2.400,-1.300,40.700,644.000,38.526,-121.117
76174,23.760,43.200,956.380,-9999.000,-9999.000,-9999.000,74.600,2.400,-1.000,41.100,643.000,38.526,-121.116
76175,23.770,43.200,955.240,-9999.000,-9999.000,-9999.000,73.500,2.900,-1.500,40.000,643.000,38.527,-121.116
76176,23.760,43.300,955.320,-9999.000,-9999.000,-9999.000,72.600,3.000,-1.000,40.300,643.000,38.527,-121.115
76177,23.680,43.500,954.380,-9999.000,-9999.000,-9999.000,72.700,3.000,-1.100,42.700,644.000,38.527,-121.114
76178,23.770,43.500,955.300,-9999.000,-9999.000,-9999.000,74.800,2.600,0.600,41.300,646.000,38.528,-121.114
76179,23.770,43.400,954.540,-9999.000,-9999.000,-9999.000,75.600,2.600,0.000,40.100,648.000,38.528,-121.113
76180,23.680,43.600,953.780,-9999.000,-9999.000,-9999.000,75.000,2.300,-0.200,41.800,650.000,38.528,-121.112
76181,23.670,43.600,953.280,-9999.000,-9999.000,-9999.000,74.300,1.900,-1.100,41.500,650.000,38.529,-121.112
76182,23.760,43.400,954.500,-9999.000,-9999.000,-9999.000,74.700,1.300,-0.500,38.700,649.000,38.529,-121.111
76183,23.760,43.400,954.660,-9999.000,-9999.000,-9999.000,75.800,1.800,0.000,39.400,647.000,38.529,-121.111
76184,23.790,43.400,954.920,-9999.000,-9999.000,-9999.000,75.500,2.100,0.300,38.200,645.000,38.530,-121.110
76185,23.710,43.600,956.000,-9999.000,-9999.000,-9999.000,75.200,2.300,-0.400,40.900,643.000,38.530,-121.109
76186,23.890,43.400,956.200,-9999.000,-9999.000,-9999.000,74.700,3.000,0.000,37.400,642.000,38.531,-121.109
76187,24.000,43.500,956.340,-9999.000,-9999.000,-9999.000,73.800,3.100,-1.600,37.900,644.000,38.531,-121.108
76188,23.920,43.600,955.380,-9999.000,-9999.000,-9999.000,73.300,3.200,-1.400,40.600,646.000,38.531,-121.108
76189,23.860,43.900,954.340,-9999.000,-9999.000,-9999.000,74.500,3.100,-1.000,44.300,650.000,38.532,-121.107
76190,23.980,43.600,954.020,-9999.000,-9999.000,-9999.000,75.500,2.100,0.400,41.200,654.000,38.532,-121.106
76191,24.040,43.600,952.980,-9999.000,-9999.000,-9999.000,75.900,1.600,-0.600,40.000,658.000,38.532,-121.106
76192,23.950,43.600,952.400,-9999.000,-9999.000,-9999.000,74.400,0.700,-0.600,41.400,660.000,38.533,-121.105
76193,23.730,43.600,952.800,-9999.000,-9999.000,-9999.000,74.100,0.000,-0.600,41.700,660.000,38.533,-121.105
76194,23.720,43.600,952.520,-9999.000,-9999.000,-9999.000,74.100,0.000,-0.100,41.300,660.000,38.533,-121.104
76195,23.670,43.600,953.440,-9999.000,-9999.000,-9999.000,74.200,-0.100,0.000,42.700,658.000,38.534,-121.103
76196,23.710,43.600,953.680,-9999.000,-9999.000,-9999.000,74.900,0.100,-0.400,41.300,656.000,38.534,-121.103
76197,23.710,43.600,954.180,-9999.000,-9999.000,-9999.000,74.900,0.600,-0.300,42.400,653.000,38.535,-121.102
76198,23.720,43.600,954.780,-9999.000,-9999.000,-9999.000,75.000,0.900,0.000,42.200,650.000,38.535,-121.101
