notebooks/czml/NOAAPicarro-CO2-CH4-CO-H2O_N57_20220828_R0.ict
43, 1001
Jeff Peischl
NOAA ESRL Chemical Sciences Laboratory
Picarro 2401-m CO2/CH4/CO/H2O Analyzer
CalFiDE
1, 1
2022, 08, 28, 2023, 02, 15
1
TO_Time_UTC, seconds, UTC, seconds_past_midnight
8
1, 1, 1, 1, 1, 1, 1, 1
-9999, -9999, -9999, -9999, -9999, -9999, -9999, -9999
CO2_ppm, ppm, Gas_CO2_InSitu_S_DMF
CO2_i_ppm, ppm, Gas_CO2_InSitu_S_DMF
CH4_ppb, ppb, Gas_CH4_InSitu_S_DMF
CH4_i_ppb, ppb, Gas_CH4_InSitu_S_DMF
CO_ppb, ppb, Gas_CO_InSitu_S_DMF
CO_i_ppb, ppb, Gas_CO_InSitu_S_DMF
H2O_pct, percent, Gas_H2O_InSitu_S_DMF
H2O_i_pct, percent, Gas_H2O_InSitu_S_DMF
1
SPECIAL COMMENTS: N/A
20
PI_CONTACT_INFO: Address: NOAA Chemical Sciences Laboratory, Mail Stop R/CSL7, 325 Broadway, Boulder, CO  80305, email: jeff.peischl@noaa.gov
PLATFORM: NOAA Twin Otter N57RF
LOCATION: The aircraft was stationed in Sacramento, CA, and Redding, CA
ASSOCIATED_DATA: N/A
INSTRUMENT_INFO: Wavelength-Scanned Cavity Ringdown Spectrometry
DATA_INFO: Units: ppm: parts per million dry air mole fraction; ppb: parts per billion dry air mole fraction; pct: percent by volume 
UNCERTAINTY: CO2: ±(0.4 ppm + 1%), CH4: ±(0.4 ppb + 1%), CO: ±(6 ppb + 1%), H2O: ±(0.1 pct + 1%).
ULOD_FLAG: -7777
ULOD_VALUE: N/A
LLOD_FLAG: -8888
LLOD_VALUE: N/A
DM_CONTACT_INFO: Data Manager: Ken Aikin, kenneth.c.aikin@noaa.gov
PROJECT_INFO: CalFiDE dates of study: August 28 - September 26, 2022
STIPULATIONS_ON_USE: According to the NOAA data protocol. Users are should contact the PI for proper data usage.
OTHER_COMMENTS: Data are measured at irregular intervals. Data without _i_ in the header are rounded to the nearest second. Data with _i_ are interpolated onto each second.
REVISION: R0
R0: final data
RB: corrected time shift
RA: preliminary data
TO_Time_UTC, CO2_ppm, CO2_i_ppm, CH4_ppb, CH4_i_ppb, CO_ppb, CO_i_ppb, H2O_pct, H2O_i_pct
[from data line 3786]
73386.0, 411.22, 411.31, -9999.0, 1930.3, -9999.0, 84.1, 0.737, 0.732
73387.0, -9999.00, 411.17, 1932.9, 1932.7, -9999.0, 91.3, -9999.000, 0.754
73388.0, -9999.00, 411.10, -9999.0, 1931.7, 96.9, 95.2, 0.781, 0.773
73389.0, 411.05, 411.05, 1930.4, 1930.6, -9999.0, 88.1, -9999.000, 0.776
73390.0, -9999.00, 411.06, -9999.0, 1931.7, 80.1, 80.9, -9999.000, 0.767
73391.0, 411.07, 411.07, -9999.0, 1933.3, -9999.0, 85.8, 0.760, 0.753
73392.0, -9999.00, 411.29, 1934.2, 1932.9, 95.1, 92.2, -9999.000, 0.721
73393.0, 411.60, 411.52, -9999.0, 1930.1, -9999.0, 93.6, 0.685, 0.689
73394.0, -9999.00, 411.52, 1927.7, 1927.8, -9999.0, 91.0, -9999.000, 0.702
73395.0, -9999.00, 411.41, -9999.0, 1929.1, 89.0, 89.1, 0.729, 0.720
73396.0, 411.33, 411.30, 1930.7, 1930.5, -9999.0, 89.6, -9999.000, 0.736
73397.0, -9999.00, 411.21, -9999.0, 1931.0, 90.1, 90.0, -9999.000, 0.748
73398.0, 411.12, 411.13, -9999.0, 1931.5, -9999.0, 88.7, 0.757, 0.756
73399.0, -9999.00, 411.14, 1931.7, 1931.7, 86.4, 87.1, -9999.000, 0.753
73400.0, 411.15, 411.15, -9999.0, 1931.6, -9999.0, 86.2, 0.750, 0.750
73401.0, -9999.00, 411.14, 1931.6, 1931.6, -9999.0, 85.6, -9999.000, 0.755
73402.0, -9999.00, 411.12, -9999.0, 1932.0, 85.3, 85.8, 0.765, 0.762
73403.0, 411.11, 411.09, 1932.4, 1932.3, -9999.0, 88.4, -9999.000, 0.769
73404.0, -9999.00, 411.04, -9999.0, 1932.6, 91.3, 91.0, -9999.000, 0.776
73405.0, 410.98, 410.98, -9999.0, 1933.0, -9999.0, 92.8, 0.782, 0.785
73406.0, -9999.00, 410.89, 1933.2, 1933.2, 95.3, 94.6, -9999.000, 0.800
73407.0, 410.76, 410.79, -9999.0, 1933.3, -9999.0, 93.5, 0.817, 0.815
73408.0, -9999.00, 410.81, 1933.4, 1933.3, -9999.0, 90.1, -9999.000, 0.807
73409.0, -9999.00, 410.89, -9999.0, 1932.8, 87.3, 88.2, 0.790, 0.796
73410.0, 410.95, 410.95, 1932.2, 1932.3, -9999.0, 92.7, -9999.000, 0.791
73411.0, -9999.00, 410.96, -9999.0, 1932.0, 97.7, 97.2, -9999.000, 0.791
73412.0, 410.96, 410.96, -9999.0, 1931.8, -9999.0, 98.8, 0.792, 0.788
73413.0, -9999.00, 411.10, 1931.6, 1931.2, 100.6, 100.0, -9999.000, 0.766
73414.0, 411.30, 411.25, -9999.0, 1930.2, -9999.0, 99.7, 0.742, 0.745
73415.0, -9999.00, 411.25, 1929.4, 1929.4, -9999.0, 98.1, -9999.000, 0.748
73416.0, -9999.00, 411.17, -9999.0, 1929.8, 96.7, 96.1, 0.759, 0.755
73417.0, 411.12, 411.09, 1930.3, 1930.2, -9999.0, 92.6, -9999.000, 0.769
73418.0, -9999.00, 410.99, -9999.0, 1931.2, 88.7, 89.0, -9999.000, 0.788
73419.0, 410.89, 410.89, -9999.0, 1932.4, -9999.0, 88.1, 0.804, 0.806
73420.0, -9999.00, 410.81, 1933.0, 1933.1, 87.3, 87.6, -9999.000, 0.817
73421.0, 410.71, 410.74, -9999.0, 1933.4, -9999.0, 88.7, 0.830, 0.829
73422.0, -9999.00, 410.76, 1933.7, 1933.7, -9999.0, 91.2, -9999.000, 0.828
73423.0, -9999.00, 410.83, -9999.0, 1933.4, 93.2, 94.0, 0.824, 0.825
73424.0, 410.87, 410.90, 1933.1, 1933.2, -9999.0, 98.0, -9999.000, 0.813
73425.0, -9999.00, 410.97, -9999.0, 1932.9, 102.4, 102.0, -9999.000, 0.793
73426.0, 411.04, 411.04, -9999.0, 1932.6, -9999.0, 98.6, 0.777, 0.776
73427.0, -9999.00, 411.06, 1932.4, 1931.8, 92.4, 94.3, -9999.000, 0.771
73428.0, 411.09, 411.09, -9999.0, 1930.5, -9999.0, 92.0, 0.765, 0.766
73429.0, -9999.00, 411.06, 1929.5, 1929.7, -9999.0, 91.1, -9999.000, 0.774
73430.0, -9999.00, 411.01, -9999.0, 1931.6, 90.5, 91.5, 0.788, 0.784
73431.0, 410.97, 410.97, 1933.9, 1933.5, -9999.0, 95.1, -9999.000, 0.790
73432.0, -9999.00, 410.95, -9999.0, 1933.6, 99.0, 98.8, -9999.000, 0.794
73433.0, 410.94, 410.93, 1933.1, 1933.2, -9999.0, 101.4, 0.796, 0.798
73434.0, -9999.00, 410.91, -9999.0, 1932.5, 104.8, 103.9, -9999.000, 0.804
73435.0, 410.88, 410.89, -9999.0, 1931.6, -9999.0, 101.0, 0.811, 0.811
73436.0, -9999.00, 411.00, 1930.8, 1930.5, -9999.0, 95.0, -9999.000, 0.780
73437.0, -9999.00, 411.15, -9999.0, 1929.0, 90.8, 90.0, 0.733, 0.747
73438.0, 411.25, 411.24, 1927.2, 1927.5, -9999.0, 87.4, -9999.000, 0.739
73439.0, -9999.00, 411.19, -9999.0, 1927.1, 84.6, 84.8, -9999.000, 0.748
73440.0, 411.15, 411.15, -9999.0, 1927.0, -9999.0, 83.4, 0.755, 0.755
73441.0, -9999.00, 411.17, 1926.9, 1926.7, 81.5, 82.0, -9999.000, 0.755
73442.0, 411.20, 411.20, -9999.0, 1926.4, -9999.0, 82.8, 0.755, 0.755
73443.0, -9999.00, 411.38, 1926.1, 1925.6, -9999.0, 84.9, -9999.000, 0.708
73444.0, -9999.00, 411.64, -9999.0, 1922.5, 86.5, 85.9, 0.632, 0.656
73445.0, 411.82, 411.83, 1918.8, 1919.4, -9999.0, 83.2, -9999.000, 0.630
73446.0, -9999.00, 411.86, -9999.0, 1918.9, 80.3, 80.5, -9999.000, 0.625
73447.0, 411.89, 411.89, -9999.0, 1919.1, -9999.0, 80.7, 0.621, 0.622
73448.0, -9999.00, 411.85, 1919.1, 1919.1, 81.3, 81.1, -9999.000, 0.627
73449.0, 411.80, 411.81, -9999.0, 1919.0, -9999.0, 79.6, 0.633, 0.632
73450.0, -9999.00, 411.89, 1918.9, 1918.9, -9999.0, 76.8, -9999.000, 0.608
73451.0, -9999.00, 412.04, -9999.0, 1919.1, 74.7, 75.7, 0.571, 0.581
73452.0, 412.13, 412.08, 1919.4, 1919.4, -9999.0, 79.4, -9999.000, 0.585
73453.0, -9999.00, 411.92, -9999.0, 1921.0, 83.4, 83.2, -9999.000, 0.610
73454.0, 411.77, 411.76, 1923.8, 1922.9, -9999.0, 84.9, 0.628, 0.637
73455.0, -9999.00, 411.57, -9999.0, 1924.3, 87.3, 86.6, -9999.000, 0.673
73456.0, 411.33, 411.38, -9999.0, 1925.4, -9999.0, 88.5, 0.711, 0.708
73457.0, -9999.00, 411.31, 1926.4, 1926.5, -9999.0, 90.6, -9999.000, 0.720
73458.0, -9999.00, 411.28, -9999.0, 1927.0, 92.1, 91.4, 0.735, 0.730
73459.0, 411.26, 411.29, 1927.7, 1927.6, -9999.0, 88.6, -9999.000, 0.729
73460.0, -9999.00, 411.36, -9999.0, 1927.4, 85.6, 85.8, -9999.000, 0.718
73461.0, 411.43, 411.43, -9999.0, 1927.1, -9999.0, 89.4, 0.709, 0.705
73462.0, -9999.00, 411.60, 1926.9, 1926.4, 95.3, 93.6, -9999.000, 0.686
73463.0, 411.83, 411.77, -9999.0, 1925.3, -9999.0, 96.4, 0.665, 0.667
73464.0, -9999.00, 411.87, 1924.4, 1924.4, -9999.0, 98.3, -9999.000, 0.646
73465.0, -9999.00, 411.94, -9999.0, 1924.5, 99.8, 98.5, 0.616, 0.626
73466.0, 411.99, 411.89, 1924.7, 1924.7, -9999.0, 92.7, -9999.000, 0.642
73467.0, -9999.00, 411.59, -9999.0, 1926.1, 86.4, 87.0, -9999.000, 0.688
73468.0, 411.29, 411.29, -9999.0, 1927.9, -9999.0, 87.9, 0.724, 0.730
73469.0, -9999.00, 411.15, 1928.7, 1929.0, 90.2, 89.5, -9999.000, 0.753
73470.0, 410.95, 411.00, -9999.0, 1929.4, -9999.0, 91.6, 0.779, 0.776
73471.0, -9999.00, 411.13, 1929.8, 1929.2, -9999.0, 93.8, -9999.000, 0.754
73472.0, -9999.00, 411.38, -9999.0, 1925.1, 95.5, 95.0, 0.716, 0.727
73473.0, 411.55, 411.67, 1920.5, 1921.1, -9999.0, 93.1, -9999.000, 0.674
73474.0, -9999.00, 412.00, -9999.0, 1920.4, 91.2, 91.2, -9999.000, 0.604
73475.0, 412.31, 412.31, 1920.2, 1920.2, -9999.0, 91.2, 0.555, 0.557
73476.0, -9999.00, 412.29, -9999.0, 1918.9, 91.2, 91.2, -9999.000, 0.566
73477.0, 412.26, 412.27, -9999.0, 1916.8, -9999.0, 85.6, 0.575, 0.575
73478.0, -9999.00, 412.40, 1915.3, 1915.1, -9999.0, 77.3, -9999.000, 0.540
73479.0, -9999.00, 412.58, -9999.0, 1914.3, 72.2, 73.1, 0.494, 0.505
73480.0, 412.68, 412.78, 1913.4, 1913.5, -9999.0, 75.4, -9999.000, 0.474
73481.0, -9999.00, 413.00, -9999.0, 1912.8, 77.6, 77.4, -9999.000, 0.444
73482.0, 413.19, 413.17, 1912.0, 1912.2, -9999.0, 73.3, 0.425, 0.431
73483.0, -9999.00, 413.03, -9999.0, 1912.6, 68.2, 69.3, -9999.000, 0.446
73484.0, 412.86, 412.89, -9999.0, 1913.6, -9999.0, 71.2, 0.461, 0.462
73485.0, -9999.00, 412.82, 1914.2, 1914.0, -9999.0, 75.1, -9999.000, 0.477
73486.0, 412.75, 412.77, -9999.0, 1913.5, 77.5, 77.8, 0.497, 0.493
73487.0, -9999.00, 412.75, 1912.9, 1912.9, -9999.0, 78.6, -9999.000, 0.501
73488.0, -9999.00, 412.74, -9999.0, 1915.4, 79.3, 80.6, -9999.000, 0.507
73489.0, 412.74, 412.74, 1918.7, 1918.0, -9999.0, 92.5, 0.510, 0.513
73490.0, -9999.00, 412.71, -9999.0, 1918.6, 106.7, 104.4, -9999.000, 0.521
73491.0, 412.68, 412.68, -9999.0, 1918.4, -9999.0, 96.7, 0.527, 0.525
73492.0, -9999.00, 412.77, 1918.3, 1917.9, 78.3, 84.4, -9999.000, 0.503
73493.0, 412.90, 412.86, -9999.0, 1916.8, -9999.0, 80.2, 0.478, 0.482
73494.0, -9999.00, 412.86, 1915.9, 1915.8, -9999.0, 84.1, -9999.000, 0.482
73495.0, -9999.00, 412.78, -9999.0, 1914.8, 87.2, 86.0, -9999.000, 0.487
73496.0, 412.73, 412.79, 1913.5, 1913.8, -9999.0, 78.8, 0.489, 0.470
73497.0, -9999.00, 413.00, -9999.0, 1913.2, 70.6, 71.6, -9999.000, 0.430
73498.0, 413.23, 413.22, -9999.0, 1912.8, -9999.0, 74.4, 0.397, 0.402
73499.0, -9999.00, 413.11, 1912.6, 1912.7, 80.6, 78.8, -9999.000, 0.428
73500.0, 412.94, 412.98, -9999.0, 1912.9, -9999.0, 80.8, 0.458, 0.455
73501.0, -9999.00, 413.04, 1913.0, 1912.9, -9999.0, 81.2, -9999.000, 0.437
73502.0, -9999.00, 413.20, -9999.0, 1912.1, 81.4, 79.4, 0.404, 0.413
73503.0, 413.30, 413.34, 1911.3, 1911.4, -9999.0, 71.7, -9999.000, 0.390
73504.0, -9999.00, 413.42, -9999.0, 1910.9, 63.6, 64.0, -9999.000, 0.367
73505.0, 413.50, 413.50, 1910.3, 1910.5, -9999.0, 65.0, 0.350, 0.350
73506.0, -9999.00, 413.51, -9999.0, 1910.2, 67.1, 66.5, -9999.000, 0.348
73507.0, 413.52, 413.52, -9999.0, 1910.1, -9999.0, 64.8, 0.347, 0.347
73508.0, -9999.00, 413.42, 1909.9, 1909.9, -9999.0, 61.1, -9999.000, 0.362
73509.0, -9999.00, 413.29, -9999.0, 1909.7, 58.6, 59.2, 0.385, 0.379
73510.0, 413.21, 413.16, 1909.4, 1909.5, -9999.0, 61.2, -9999.000, 0.396
73511.0, -9999.00, 413.05, -9999.0, 1909.2, 63.2, 63.1, -9999.000, 0.414
73512.0, 412.93, 412.94, 1908.8, 1908.9, -9999.0, 62.0, 0.427, 0.426
73513.0, -9999.00, 412.97, -9999.0, 1908.9, 60.4, 60.8, -9999.000, 0.423
73514.0, 413.01, 413.00, -9999.0, 1909.1, -9999.0, 60.7, 0.420, 0.420
73515.0, -9999.00, 413.02, 1909.2, 1909.4, -9999.0, 61.3, -9999.000, 0.419
73516.0, -9999.00, 413.02, -9999.0, 1909.9, 61.6, 88.5, 0.418, 0.418
73517.0, 413.03, 413.80, 1910.6, 1910.5, -9999.0, 165.6, -9999.000, 0.435
73518.0, -9999.00, 415.60, -9999.0, 1935.9, 242.3, 242.7, -9999.000, 0.460
73519.0, 417.22, 417.13, 1975.1, 1963.9, -9999.0, 337.7, 0.477, 0.482
73520.0, -9999.00, 416.23, -9999.0, 1965.7, 462.8, 432.6, -9999.000, 0.497
73521.0, 415.12, 415.33, -9999.0, 1950.1, -9999.0, 419.3, 0.511, 0.511
73522.0, -9999.00, 415.51, 1938.6, 1943.9, -9999.0, 355.5, -9999.000, 0.523
73523.0, -9999.00, 416.02, -9999.0, 1964.1, 316.4, 423.6, 0.538, 0.535
73524.0, 416.29, 417.24, 1985.1, 1984.3, -9999.0, 701.5, -9999.000, 0.594
73525.0, -9999.00, 419.20, -9999.0, 2004.8, 963.8, 968.1, -9999.000, 0.673
73526.0, 420.87, 420.85, 2032.6, 2025.2, -9999.0, 1044.6, 0.722, 0.726
73527.0, -9999.00, 420.72, -9999.0, 2029.2, 1139.7, 1121.1, -9999.000, 0.735
73528.0, 420.56, 420.59, -9999.0, 2024.0, -9999.0, 1106.4, 0.744, 0.742
73529.0, -9999.00, 420.61, 2020.6, 2020.0, -9999.0, 1062.4, -9999.000, 0.711
73530.0, 420.69, 420.67, -9999.0, 2018.3, 1037.3, 983.6, 0.673, 0.681
73531.0, -9999.00, 419.52, 2016.7, 2016.3, -9999.0, 858.4, -9999.000, 0.640
73532.0, -9999.00, 417.22, -9999.0, 1983.5, 748.5, 741.6, -9999.000, 0.594
73533.0, 415.41, 415.49, 1941.4, 1950.7, -9999.0, 685.5, 0.569, 0.574
73534.0, -9999.00, 415.86, -9999.0, 1937.6, 619.5, 629.4, -9999.000, 0.585
73535.0, 416.26, 416.23, -9999.0, 1932.3, -9999.0, 454.2, 0.595, 0.587
73536.0, -9999.00, 415.10, 1928.8, 1926.2, -9999.0, 253.3, -9999.000, 0.526
73537.0, 413.23, 413.81, -9999.0, 1918.9, 145.8, 133.0, 0.453, 0.466
73538.0, -9999.00, 413.20, 1911.9, 1911.9, -9999.0, 105.7, -9999.000, 0.445
73539.0, -9999.00, 413.16, -9999.0, 1912.3, 82.8, 83.1, -9999.000, 0.435
73540.0, 413.12, 413.13, 1912.8, 1912.7, -9999.0, 84.7, 0.429, 0.430
73541.0, -9999.00, 413.13, -9999.0, 1913.4, 86.5, 86.3, -9999.000, 0.430
73542.0, 413.14, 413.14, -9999.0, 1914.1, -9999.0, 95.2, 0.430, 0.431
73543.0, -9999.00, 413.12, 1914.5, 1913.9, 109.5, 105.4, -9999.000, 0.437
73544.0, 413.10, 413.11, -9999.0, 1912.6, -9999.0, 101.5, 0.443, 0.443
73545.0, -9999.00, 413.08, 1911.5, 1911.4, -9999.0, 88.0, -9999.000, 0.441
73546.0, -9999.00, 413.04, -9999.0, 1910.7, 77.8, 76.6, 0.438, 0.439
73547.0, 413.02, 413.01, 1910.0, 1910.1, -9999.0, 71.6, -9999.000, 0.438
73548.0, -9999.00, 412.98, -9999.0, 1909.9, 66.5, 66.7, -9999.000, 0.437
73549.0, 412.95, 412.95, 1909.6, 1909.7, -9999.0, 66.3, 0.437, 0.438
73550.0, -9999.00, 412.93, -9999.0, 1909.6, 66.0, 66.1, -9999.000, 0.439
73551.0, 412.91, 412.92, -9999.0, 1909.6, -9999.0, 66.2, 0.441, 0.441
73552.0, -9999.00, 412.89, 1909.6, 1909.6, -9999.0, 66.6, -9999.000, 0.441
73553.0, -9999.00, 412.87, -9999.0, 1909.4, 66.8, 67.7, 0.441, 0.441
73554.0, 412.86, 412.88, 1909.2, 1909.3, -9999.0, 70.6, -9999.000, 0.440
73555.0, -9999.00, 412.92, -9999.0, 1909.2, 73.4, 73.4, -9999.000, 0.439
73556.0, 412.96, 412.96, 1909.2, 1909.2, -9999.0, 71.1, 0.438, 0.438
73557.0, -9999.00, 412.94, -9999.0, 1909.3, 68.0, 68.7, -9999.000, 0.441
73558.0, 412.91, 412.92, -9999.0, 1909.6, -9999.0, 66.8, 0.443, 0.443
73559.0, -9999.00, 412.93, 1909.7, 1909.6, -9999.0, 65.0, -9999.000, 0.439
73560.0, -9999.00, 412.96, -9999.0, 1909.3, 63.9, 64.3, 0.433, 0.435
73561.0, 412.98, 412.96, 1908.9, 1908.9, -9999.0, 65.3, -9999.000, 0.436
73562.0, -9999.00, 412.92, -9999.0, 1909.2, 66.3, 66.5, -9999.000, 0.441
73563.0, 412.89, 412.89, 1909.6, 1909.5, -9999.0, 71.0, 0.443, 0.444
73564.0, -9999.00, 412.90, -9999.0, 1909.6, 76.5, 75.5, -9999.000, 0.446
73565.0, 412.92, 412.92, -9999.0, 1909.5, -9999.0, 81.4, 0.448, 0.448
73566.0, -9999.00, 412.92, 1909.5, 1909.6, -9999.0, 87.8, -9999.000, 0.451
73567.0, 412.93, 412.93, -9999.0, 1909.8, 91.2, 87.1, 0.455, 0.454
73568.0, -9999.00, 412.91, 1909.9, 1909.9, -9999.0, 78.3, -9999.000, 0.457
73569.0, -9999.00, 412.88, -9999.0, 1910.0, 70.4, 70.2, -9999.000, 0.458
73570.0, 412.85, 412.84, 1910.0, 1910.0, -9999.0, 67.9, 0.460, 0.460
73571.0, -9999.00, 412.81, -9999.0, 1910.8, 65.1, 65.6, -9999.000, 0.460
73572.0, 412.77, 412.78, -9999.0, 1911.9, -9999.0, 109.6, 0.460, 0.460
73573.0, -9999.00, 413.14, 1912.7, 1913.4, -9999.0, 166.9, -9999.000, 0.467
73574.0, -9999.00, 413.56, -9999.0, 1915.4, 200.8, 180.4, 0.475, 0.473
73575.0, 413.78, 413.59, 1917.4, 1917.4, -9999.0, 130.3, -9999.000, 0.470
73576.0, -9999.00, 413.21, -9999.0, 1914.1, 85.1, 84.7, -9999.000, 0.464
73577.0, 412.88, 412.89, 1909.6, 1910.8, -9999.0, 80.7, 0.460, 0.461
73578.0, -9999.00, 412.93, -9999.0, 1911.0, 75.6, 76.6, -9999.000, 0.462
73579.0, 412.98, 412.98, -9999.0, 1913.1, -9999.0, 85.0, 0.462, 0.463
73580.0, -9999.00, 413.05, 1914.5, 1915.1, -9999.0, 97.6, -9999.000, 0.465
73581.0, 413.17, 413.13, -9999.0, 1916.6, 104.7, 124.0, 0.467, 0.466
73582.0, -9999.00, 413.47, 1918.2, 1918.5, -9999.0, 168.4, -9999.000, 0.470
73583.0, -9999.00, 414.05, -9999.0, 1928.5, 207.1, 211.8, -9999.000, 0.473
73584.0, 414.50, 414.38, 1941.4, 1938.6, -9999.0, 249.0, 0.476, 0.474
73585.0, -9999.00, 413.79, -9999.0, 1932.5, 293.5, 286.2, -9999.000, 0.470
73586.0, 413.14, 413.20, -9999.0, 1920.2, -9999.0, 218.2, 0.466, 0.466
73587.0, -9999.00, 413.01, 1912.8, 1912.6, 80.5, 124.6, -9999.000, 0.461
73588.0, 412.81, 412.87, -9999.0, 1912.3, -9999.0, 103.7, 0.457, 0.457
73589.0, -9999.00, 413.03, 1911.9, 1912.7, -9999.0, 147.7, -9999.000, 0.483
73590.0, -9999.00, 413.36, -9999.0, 1919.3, 182.1, 185.9, 0.530, 0.515
73591.0, 413.60, 413.68, 1927.4, 1926.0, -9999.0, 203.8, -9999.000, 0.523
73592.0, -9999.00, 413.95, -9999.0, 1930.6, 223.7, 221.7, -9999.000, 0.509
73593.0, 414.22, 414.21, -9999.0, 1934.6, -9999.0, 246.6, 0.498, 0.498
73594.0, -9999.00, 414.14, 1936.8, 1935.2, 284.3, 272.3, -9999.000, 0.497
73595.0, 414.01, 414.05, -9999.0, 1931.6, -9999.0, 282.0, 0.496, 0.496
73596.0, -9999.00, 414.13, 1928.4, 1928.7, -9999.0, 277.8, -9999.000, 0.488
73597.0, -9999.00, 414.32, -9999.0, 1931.2, 274.4, 275.4, 0.474, 0.478
73598.0, 414.45, 414.39, 1934.3, 1933.8, -9999.0, 279.8, -9999.000, 0.473
73599.0, -9999.00, 414.22, -9999.0, 1932.6, 284.8, 284.3, -9999.000, 0.473
73600.0, 414.05, 414.05, -9999.0, 1930.5, -9999.0, 254.1, 0.473, 0.473
73601.0, -9999.00, 413.77, 1929.5, 1926.9, 206.1, 219.9, -9999.000, 0.474
73602.0, 413.42, 413.50, -9999.0, 1921.6, -9999.0, 183.9, 0.475, 0.475
73603.0, -9999.00, 413.48, 1917.3, 1917.8, -9999.0, 146.7, -9999.000, 0.476
73604.0, -9999.00, 413.56, -9999.0, 1920.0, 121.1, 123.3, 0.476, 0.476
73605.0, 413.61, 413.58, 1922.5, 1922.3, -9999.0, 130.5, -9999.000, 0.476
73606.0, -9999.00, 413.51, -9999.0, 1925.1, 138.0, 137.8, -9999.000, 0.477
