notebooks/czml/NOAAPicarro-CO2-CH4-CO-H2O_N57_20220828_R0.ict
43, 1001
Jeff Peischl
NOAA ESRL Chemical Sciences Laboratory
Picarro 2401-m CO2/CH4/CO/H2O Analyzer
CalFiDE
1, 1
2022, 08, 28, 2023, 02, 15
1
TO_Time_UTC, seconds, UTC, seconds_past_midnight
8
1, 1, 1, 1, 1, 1, 1, 1
-9999, -9999, -9999, -9999, -9999, -9999, -9999, -9999
CO2_ppm, ppm, Gas_CO2_InSitu_S_DMF
CO2_i_ppm, ppm, Gas_CO2_InSitu_S_DMF
CH4_ppb, ppb, Gas_CH4_InSitu_S_DMF
CH4_i_ppb, ppb, Gas_CH4_InSitu_S_DMF
CO_ppb, ppb, Gas_CO_InSitu_S_DMF
CO_i_ppb, ppb, Gas_CO_InSitu_S_DMF
H2O_pct, percent, Gas_H2O_InSitu_S_DMF
H2O_i_pct, percent, Gas_H2O_InSitu_S_DMF
1
SPECIAL COMMENTS: N/A
20
PI_CONTACT_INFO: Address: NOAA Chemical Sciences Laboratory, Mail Stop R/CSL7, 325 Broadway, Boulder, CO  80305, email: jeff.peischl@noaa.gov
PLATFORM: NOAA Twin Otter N57RF
LOCATION: The aircraft was stationed in Sacramento, CA, and Redding, CA
ASSOCIATED_DATA: N/A
INSTRUMENT_INFO: Wavelength-Scanned Cavity Ringdown Spectrometry
DATA_INFO: Units: ppm: parts per million dry air mole fraction; ppb: parts per billion dry air mole fraction; pct: percent by volume 
UNCERTAINTY: CO2: ±(0.4 ppm + 1%), CH4: ±(0.4 ppb + 1%), CO: ±(6 ppb + 1%), H2O: ±(0.1 pct + 1%).
ULOD_FLAG: -7777
ULOD_VALUE: N/A
LLOD_FLAG: -8888
LLOD_VALUE: N/A
DM_CONTACT_INFO: Data Manager: Ken Aikin, kenneth.c.aikin@noaa.gov
PROJECT_INFO: CalFiDE dates of study: August 28 - September 26, 2022
STIPULATIONS_ON_USE: According to the NOAA data protocol. Users are should contact the PI for proper data usage.
OTHER_COMMENTS: Data are measured at irregular intervals. Data without _i_ in the header are rounded to the nearest second. Data with _i_ are interpolated onto each second.
REVISION: R0
R0: final data
RB: corrected time shift
RA: preliminary data
TO_Time_UTC, CO2_ppm, CO2_i_ppm, CH4_ppb, CH4_i_ppb, CO_ppb, CO_i_ppb, H2O_pct, H2O_i_pct
[from data line 9331]
78931.0, -9999.00, 416.05, -9999.0, 1946.9, 67.1, 67.4, -9999.000, 0.026
78932.0, 415.99, 415.98, 1948.5, 1948.0, -9999.0, 71.5, 0.026, 0.026
78933.0, -9999.00, 415.94, -9999.0, 1949.0, 76.7, 75.7, -9999.000, 0.026
78934.0, 415.89, 415.90, -9999.0, 1949.8, -9999.0, 76.8, 0.025, 0.025
78935.0, -9999.00, 415.88, 1950.3, 1950.3, -9999.0, 77.0, -9999.000, 0.025
78936.0, 415.86, 415.87, -9999.0, 1950.2, 77.1, 76.7, 0.025, 0.025
78937.0, -9999.00, 415.85, 1950.1, 1950.2, -9999.0, 75.8, -9999.000, 0.025
78938.0, -9999.00, 415.83, -9999.0, 1950.6, 75.1, 75.2, 0.025, 0.025
78939.0, 415.81, 415.86, 1951.1, 1951.1, -9999.0, 75.6, -9999.000, 0.025
78940.0, -9999.00, 416.00, -9999.0, 1949.0, 76.1, 76.1, -9999.000, 0.025
78941.0, 416.14, 416.14, -9999.0, 1946.2, -9999.0, 74.4, 0.025, 0.025
78942.0, -9999.00, 416.20, 1944.8, 1944.4, 71.7, 72.5, -9999.000, 0.025
78943.0, 416.27, 416.26, -9999.0, 1943.7, -9999.0, 71.7, 0.026, 0.026
78944.0, -9999.00, 416.31, 1943.1, 1943.0, -9999.0, 71.6, -9999.000, 0.025
78945.0, -9999.00, 416.35, -9999.0, 1942.6, 71.5, 71.5, 0.024, 0.025
78946.0, 416.38, 416.38, 1942.1, 1942.1, -9999.0, 71.5, -9999.000, 0.025
78947.0, -9999.00, 416.38, -9999.0, 1940.0, 71.4, 71.5, -9999.000, 0.025
78948.0, 416.39, 416.39, 1937.1, 1937.9, -9999.0, 72.5, 0.025, 0.026
78949.0, -9999.00, 416.37, -9999.0, 1936.5, 73.6, 73.4, -9999.000, 0.028
78950.0, 416.36, 416.36, -9999.0, 1935.7, -9999.0, 71.9, 0.029, 0.029
78951.0, -9999.00, 416.35, 1935.1, 1936.8, 68.8, 69.8, -9999.000, 0.030
78952.0, 416.33, 416.34, -9999.0, 1941.0, -9999.0, 69.3, 0.030, 0.030
78953.0, -9999.00, 416.33, 1944.9, 1944.9, -9999.0, 70.2, -9999.000, 0.028
78954.0, -9999.00, 416.33, -9999.0, 1945.2, 71.0, 71.2, 0.025, 0.026
78955.0, 416.32, 416.32, 1945.6, 1945.5, -9999.0, 71.7, -9999.000, 0.025
78956.0, -9999.00, 416.29, -9999.0, 1945.7, 72.3, 72.3, -9999.000, 0.025
78957.0, 416.27, 416.28, 1945.9, 1945.8, -9999.0, 69.6, 0.025, 0.025
78958.0, -9999.00, 416.33, -9999.0, 1945.6, 65.7, 66.7, -9999.000, 0.024
78959.0, 416.40, 416.39, -9999.0, 1945.0, -9999.0, 69.2, 0.024, 0.024
78960.0, -9999.00, 416.40, 1944.6, 1944.7, -9999.0, 74.5, -9999.000, 0.024
78961.0, -9999.00, 416.41, -9999.0, 1945.1, 77.9, 76.7, 0.024, 0.024
78962.0, 416.41, 416.37, 1945.5, 1945.5, -9999.0, 73.5, -9999.000, 0.024
78963.0, -9999.00, 416.30, -9999.0, 1945.8, 70.7, 70.8, -9999.000, 0.024
78964.0, 416.24, 416.24, 1946.2, 1946.1, -9999.0, 73.0, 0.024, 0.024
78965.0, -9999.00, 416.21, -9999.0, 1946.0, 75.6, 75.1, -9999.000, 0.024
78966.0, 416.18, 416.18, -9999.0, 1945.9, -9999.0, 73.9, 0.025, 0.025
78967.0, -9999.00, 416.16, 1945.8, 1945.8, -9999.0, 71.7, -9999.000, 0.025
78968.0, 416.14, 416.15, -9999.0, 1945.9, 70.6, 71.1, 0.025, 0.025
78969.0, -9999.00, 416.15, 1946.1, 1946.1, -9999.0, 72.0, -9999.000, 0.025
78970.0, -9999.00, 416.16, -9999.0, 1946.2, 72.8, 72.8, 0.026, 0.025
78971.0, 416.16, 416.17, 1946.3, 1946.3, -9999.0, 72.6, -9999.000, 0.025
78972.0, -9999.00, 416.18, -9999.0, 1946.3, 72.4, 72.4, -9999.000, 0.025
78973.0, 416.19, 416.19, 1946.3, 1946.3, -9999.0, 73.4, 0.025, 0.025
78974.0, -9999.00, 416.20, -9999.0, 1946.2, 74.7, 74.4, -9999.000, 0.024
78975.0, 416.22, 416.21, -9999.0, 1946.0, -9999.0, 74.9, 0.024, 0.024
78976.0, -9999.00, 416.17, 1945.8, 1946.4, -9999.0, 75.2, -9999.000, 0.024
78977.0, 416.10, 416.13, -9999.0, 1948.2, 75.4, 76.6, 0.025, 0.025
78978.0, -9999.00, 416.10, 1949.9, 1949.7, -9999.0, 79.5, -9999.000, 0.025
78979.0, -9999.00, 416.09, -9999.0, 1943.7, 81.9, 80.8, -9999.000, 0.025
78980.0, 416.09, 416.07, 1936.0, 1937.7, -9999.0, 74.3, 0.025, 0.026
78981.0, -9999.00, 416.01, -9999.0, 1934.8, 66.8, 67.8, -9999.000, 0.027
78982.0, 415.94, 415.94, -9999.0, 1933.1, -9999.0, 66.1, 0.028, 0.029
78983.0, -9999.00, 415.92, 1932.1, 1931.7, 64.8, 65.2, -9999.000, 0.032
78984.0, 415.89, 415.89, -9999.0, 1930.6, -9999.0, 63.2, 0.035, 0.034
78985.0, -9999.00, 415.89, 1929.8, 1929.8, -9999.0, 60.4, -9999.000, 0.037
78986.0, -9999.00, 415.89, -9999.0, 1930.2, 58.4, 58.6, 0.040, 0.039
78987.0, 415.90, 415.89, 1930.6, 1930.6, -9999.0, 59.1, -9999.000, 0.040
78988.0, -9999.00, 415.89, -9999.0, 1930.6, 59.7, 59.7, -9999.000, 0.040
78989.0, 415.89, 415.89, 1930.6, 1930.6, -9999.0, 64.2, 0.039, 0.039
78990.0, -9999.00, 415.93, -9999.0, 1930.5, 69.8, 68.6, -9999.000, 0.037
78991.0, 415.97, 415.96, -9999.0, 1930.4, -9999.0, 67.2, 0.035, 0.035
78992.0, -9999.00, 415.99, 1930.4, 1930.4, -9999.0, 63.8, -9999.000, 0.033
78993.0, 416.03, 416.01, -9999.0, 1930.4, 62.0, 61.3, 0.031, 0.032
78994.0, -9999.00, 416.00, 1930.3, 1930.3, -9999.0, 59.8, -9999.000, 0.032
78995.0, -9999.00, 415.95, -9999.0, 1930.2, 58.6, 58.6, 0.034, 0.033
78996.0, 415.92, 415.92, 1930.1, 1930.1, -9999.0, 58.8, -9999.000, 0.034
78997.0, -9999.00, 415.90, -9999.0, 1930.1, 59.0, 59.0, -9999.000, 0.035
78998.0, 415.89, 415.89, 1930.1, 1930.1, -9999.0, 60.9, 0.035, 0.035
78999.0, -9999.00, 415.90, -9999.0, 1930.2, 63.6, 62.9, -9999.000, 0.036
79000.0, 415.92, 415.92, -9999.0, 1930.2, -9999.0, 62.7, 0.036, 0.036
79001.0, -9999.00, 415.92, 1930.3, 1930.3, -9999.0, 61.3, -9999.000, 0.035
79002.0, -9999.00, 415.91, -9999.0, 1930.3, 60.3, 61.0, 0.035, 0.035
79003.0, 415.91, 415.91, 1930.3, 1930.3, -9999.0, 62.8, -9999.000, 0.036
79004.0, -9999.00, 415.92, -9999.0, 1930.4, 64.6, 64.5, -9999.000, 0.036
79005.0, 415.93, 415.92, 1930.5, 1930.5, -9999.0, 61.6, 0.036, 0.037
79006.0, -9999.00, 415.87, -9999.0, 1930.5, 57.9, 58.7, -9999.000, 0.038
79007.0, 415.80, 415.81, -9999.0, 1930.5, -9999.0, 58.8, 0.040, 0.040
79008.0, -9999.00, 415.73, 1930.5, 1930.9, -9999.0, 59.9, -9999.000, 0.041
79009.0, 415.63, 415.66, -9999.0, 1932.1, 60.5, 61.3, 0.042, 0.042
79010.0, -9999.00, 415.51, 1933.2, 1933.2, -9999.0, 63.2, -9999.000, 0.050
79011.0, -9999.00, 415.31, -9999.0, 1933.5, 64.7, 64.5, 0.065, 0.060
79012.0, 415.17, 415.17, 1933.9, 1933.8, -9999.0, 63.7, -9999.000, 0.065
79013.0, -9999.00, 415.15, -9999.0, 1933.6, 62.8, 62.9, -9999.000, 0.066
79014.0, 415.14, 415.14, 1933.0, 1933.2, -9999.0, 64.7, 0.066, 0.067
79015.0, -9999.00, 415.15, -9999.0, 1932.8, 67.5, 66.7, -9999.000, 0.067
79016.0, 415.15, 415.15, -9999.0, 1932.3, -9999.0, 66.1, 0.067, 0.067
79017.0, -9999.00, 415.16, 1931.9, 1931.9, -9999.0, 63.9, -9999.000, 0.066
79018.0, -9999.00, 415.18, -9999.0, 1931.8, 62.5, 62.6, 0.064, 0.065
79019.0, 415.19, 415.19, 1931.8, 1931.8, -9999.0, 63.1, -9999.000, 0.065
79020.0, -9999.00, 415.20, -9999.0, 1931.7, 63.5, 63.6, -9999.000, 0.065
79021.0, 415.20, 415.20, 1931.5, 1931.6, -9999.0, 65.9, 0.065, 0.065
79022.0, -9999.00, 415.19, -9999.0, 1931.7, 68.6, 68.1, -9999.000, 0.065
79023.0, 415.17, 415.18, -9999.0, 1932.0, -9999.0, 69.8, 0.065, 0.065
79024.0, -9999.00, 415.17, 1932.3, 1932.5, -9999.0, 71.4, -9999.000, 0.067
79025.0, 415.17, 415.17, -9999.0, 1933.3, 72.2, 70.4, 0.068, 0.068
79026.0, -9999.00, 415.29, 1934.1, 1934.3, -9999.0, 66.2, -9999.000, 0.066
79027.0, -9999.00, 415.50, -9999.0, 1937.9, 62.9, 63.9, -9999.000, 0.064
79028.0, 415.65, 415.72, 1942.3, 1941.4, -9999.0, 69.5, 0.062, 0.056
79029.0, -9999.00, 415.96, -9999.0, 1942.1, 75.6, 75.0, -9999.000, 0.043
79030.0, 416.19, 416.19, -9999.0, 1941.8, -9999.0, 72.5, 0.033, 0.033
79031.0, -9999.00, 416.26, 1941.7, 1940.9, 67.9, 69.2, -9999.000, 0.031
79032.0, 416.34, 416.32, -9999.0, 1939.2, -9999.0, 66.4, 0.029, 0.030
79033.0, -9999.00, 416.31, 1937.9, 1937.4, -9999.0, 63.9, -9999.000, 0.031
79034.0, -9999.00, 416.27, -9999.0, 1935.2, 62.3, 62.9, 0.032, 0.032
79035.0, 416.25, 416.27, 1932.6, 1932.9, -9999.0, 64.8, -9999.000, 0.033
79036.0, -9999.00, 416.33, -9999.0, 1937.1, 66.7, 66.7, -9999.000, 0.033
79037.0, 416.38, 416.38, 1944.6, 1942.4, -9999.0, 70.0, 0.034, 0.032
79038.0, -9999.00, 416.37, -9999.0, 1945.1, 74.4, 73.4, -9999.000, 0.029
79039.0, 416.36, 416.36, -9999.0, 1946.0, -9999.0, 73.5, 0.026, 0.026
79040.0, -9999.00, 416.31, 1946.7, 1946.6, -9999.0, 72.2, -9999.000, 0.025
79041.0, 416.24, 416.26, -9999.0, 1946.4, 71.5, 71.0, 0.024, 0.025
79042.0, -9999.00, 416.21, 1946.3, 1946.3, -9999.0, 69.8, -9999.000, 0.024
79043.0, -9999.00, 416.16, -9999.0, 1947.5, 68.7, 69.6, -9999.000, 0.024
79044.0, 416.12, 416.09, 1949.0, 1948.7, -9999.0, 74.8, 0.024, 0.025
79045.0, -9999.00, 415.96, -9999.0, 1950.8, 80.5, 79.9, -9999.000, 0.025
79046.0, 415.84, 415.84, -9999.0, 1953.2, -9999.0, 79.1, 0.026, 0.026
79047.0, -9999.00, 415.87, 1954.5, 1953.6, 77.0, 77.6, -9999.000, 0.025
79048.0, 415.93, 415.91, -9999.0, 1951.7, -9999.0, 74.3, 0.025, 0.025
79049.0, -9999.00, 416.02, 1950.3, 1949.9, -9999.0, 70.0, -9999.000, 0.025
79050.0, -9999.00, 416.14, -9999.0, 1948.2, 67.2, 69.2, 0.025, 0.025
79051.0, 416.21, 416.24, 1946.3, 1946.4, -9999.0, 74.5, -9999.000, 0.025
79052.0, -9999.00, 416.31, -9999.0, 1945.2, 79.4, 79.1, -9999.000, 0.025
79053.0, 416.37, 416.36, 1943.5, 1944.0, -9999.0, 74.6, 0.025, 0.025
79054.0, -9999.00, 416.36, -9999.0, 1941.3, 69.2, 70.2, -9999.000, 0.025
79055.0, 416.35, 416.35, -9999.0, 1937.9, -9999.0, 68.9, 0.025, 0.026
79056.0, -9999.00, 416.33, 1935.8, 1935.4, 68.3, 68.5, -9999.000, 0.029
79057.0, 416.31, 416.32, -9999.0, 1934.6, -9999.0, 68.0, 0.033, 0.032
79058.0, -9999.00, 416.28, 1933.9, 1933.8, -9999.0, 67.4, -9999.000, 0.034
79059.0, -9999.00, 416.23, -9999.0, 1932.2, 66.9, 67.5, 0.037, 0.036
79060.0, 416.20, 416.20, 1930.5, 1930.7, -9999.0, 69.9, -9999.000, 0.038
79061.0, -9999.00, 416.20, -9999.0, 1931.0, 72.3, 72.3, -9999.000, 0.039
79062.0, 416.20, 416.20, 1931.8, 1931.6, -9999.0, 68.1, 0.039, 0.039
79063.0, -9999.00, 416.22, -9999.0, 1933.0, 62.5, 63.8, -9999.000, 0.038
79064.0, 416.25, 416.24, -9999.0, 1935.1, -9999.0, 65.0, 0.038, 0.038
79065.0, -9999.00, 416.25, 1936.6, 1936.8, -9999.0, 68.7, -9999.000, 0.036
79066.0, -9999.00, 416.25, -9999.0, 1937.6, 70.9, 70.8, 0.034, 0.035
79067.0, 416.26, 416.27, 1938.3, 1938.3, -9999.0, 70.8, -9999.000, 0.034
79068.0, -9999.00, 416.31, -9999.0, 1941.0, 70.8, 70.7, -9999.000, 0.032
79069.0, 416.34, 416.34, 1944.7, 1943.8, -9999.0, 69.7, 0.032, 0.031
79070.0, -9999.00, 416.32, -9999.0, 1945.0, 68.4, 68.6, -9999.000, 0.029
79071.0, 416.29, 416.29, -9999.0, 1945.6, -9999.0, 69.4, 0.027, 0.027
79072.0, -9999.00, 416.28, 1945.9, 1946.0, -9999.0, 70.7, -9999.000, 0.026
79073.0, 416.27, 416.27, -9999.0, 1946.2, 71.5, 72.8, 0.024, 0.025
79074.0, -9999.00, 416.27, 1946.3, 1946.3, -9999.0, 75.7, -9999.000, 0.024
79075.0, -9999.00, 416.28, -9999.0, 1945.7, 78.2, 77.9, -9999.000, 0.024
79076.0, 416.28, 416.28, 1945.0, 1945.2, -9999.0, 76.2, 0.024, 0.024
79077.0, -9999.00, 416.28, -9999.0, 1941.3, 74.2, 74.5, -9999.000, 0.025
79078.0, 416.28, 416.28, -9999.0, 1936.1, -9999.0, 70.0, 0.026, 0.027
79079.0, -9999.00, 416.24, 1933.0, 1933.4, -9999.0, 65.0, -9999.000, 0.031
79080.0, 416.18, 416.20, -9999.0, 1934.5, 62.4, 64.0, 0.037, 0.036
79081.0, -9999.00, 416.20, 1935.5, 1935.6, -9999.0, 67.4, -9999.000, 0.035
79082.0, -9999.00, 416.22, -9999.0, 1940.2, 70.2, 70.4, -9999.000, 0.034
79083.0, 416.24, 416.24, 1945.9, 1944.8, -9999.0, 71.8, 0.032, 0.031
79084.0, -9999.00, 416.22, -9999.0, 1946.0, 73.4, 73.2, -9999.000, 0.028
79085.0, 416.20, 416.20, -9999.0, 1946.1, -9999.0, 73.2, 0.026, 0.026
79086.0, -9999.00, 416.20, 1946.2, 1946.3, 72.8, 73.0, -9999.000, 0.025
79087.0, 416.20, 416.20, -9999.0, 1946.7, -9999.0, 74.2, 0.024, 0.024
79088.0, -9999.00, 416.13, 1946.9, 1947.2, -9999.0, 76.7, -9999.000, 0.024
79089.0, -9999.00, 416.03, -9999.0, 1949.1, 78.7, 77.8, 0.025, 0.025
79090.0, 415.96, 415.97, 1951.3, 1950.9, -9999.0, 74.0, -9999.000, 0.025
79091.0, -9999.00, 416.00, -9999.0, 1950.3, 70.1, 70.3, -9999.000, 0.024
79092.0, 416.03, 416.04, 1948.5, 1949.0, -9999.0, 73.0, 0.024, 0.024
79093.0, -9999.00, 416.06, -9999.0, 1948.0, 77.1, 76.1, -9999.000, 0.025
79094.0, 416.09, 416.09, -9999.0, 1947.0, -9999.0, 75.6, 0.026, 0.026
79095.0, -9999.00, 416.08, 1946.3, 1946.3, -9999.0, 73.4, -9999.000, 0.026
79096.0, 416.05, 416.06, -9999.0, 1946.1, 72.2, 72.6, 0.026, 0.026
79097.0, -9999.00, 416.04, 1945.9, 1945.9, -9999.0, 73.3, -9999.000, 0.027
79098.0, -9999.00, 416.03, -9999.0, 1945.6, 74.0, 73.7, -9999.000, 0.027
79099.0, 416.02, 416.01, 1945.2, 1945.2, -9999.0, 72.1, 0.028, 0.028
79100.0, -9999.00, 415.96, -9999.0, 1944.7, 70.3, 70.5, -9999.000, 0.030
79101.0, 415.92, 415.92, -9999.0, 1944.0, -9999.0, 70.4, 0.031, 0.031
79102.0, -9999.00, 415.89, 1943.7, 1943.6, 70.5, 70.4, -9999.000, 0.032
79103.0, 415.86, 415.87, -9999.0, 1943.3, -9999.0, 70.2, 0.034, 0.034
79104.0, -9999.00, 415.86, 1943.0, 1943.2, -9999.0, 69.8, -9999.000, 0.035
79105.0, -9999.00, 415.87, -9999.0, 1944.5, 69.5, 70.8, 0.036, 0.035
79106.0, 415.87, 415.91, 1945.8, 1945.7, -9999.0, 74.9, -9999.000, 0.034
79107.0, -9999.00, 416.00, -9999.0, 1946.3, 78.8, 78.7, -9999.000, 0.031
79108.0, 416.07, 416.08, 1947.1, 1946.9, -9999.0, 75.6, 0.030, 0.029
79109.0, -9999.00, 416.13, -9999.0, 1946.9, 71.6, 72.4, -9999.000, 0.026
79110.0, 416.19, 416.18, -9999.0, 1946.5, -9999.0, 70.3, 0.024, 0.024
79111.0, -9999.00, 416.18, 1946.3, 1946.4, -9999.0, 68.4, -9999.000, 0.025
79112.0, 416.17, 416.17, -9999.0, 1946.7, 67.5, 68.9, 0.026, 0.025
79113.0, -9999.00, 416.18, 1947.0, 1946.9, -9999.0, 72.1, -9999.000, 0.025
79114.0, -9999.00, 416.21, -9999.0, 1946.6, 74.6, 73.8, 0.024, 0.024
79115.0, 416.23, 416.24, 1946.1, 1946.2, -9999.0, 70.1, -9999.000, 0.024
79116.0, -9999.00, 416.24, -9999.0, 1946.2, 65.8, 66.3, -9999.000, 0.024
79117.0, 416.25, 416.25, -9999.0, 1946.4, -9999.0, 67.3, 0.023, 0.023
79118.0, -9999.00, 416.21, 1946.5, 1946.7, 69.8, 69.0, -9999.000, 0.024
79119.0, 416.14, 416.16, -9999.0, 1947.2, -9999.0, 71.5, 0.024, 0.024
79120.0, -9999.00, 416.12, 1947.7, 1947.9, -9999.0, 74.6, -9999.000, 0.023
79121.0, -9999.00, 416.07, -9999.0, 1949.4, 76.7, 76.7, 0.023, 0.023
79122.0, 416.05, 416.01, 1951.1, 1950.9, -9999.0, 76.3, -9999.000, 0.023
79123.0, -9999.00, 415.91, -9999.0, 1952.5, 76.0, 76.0, -9999.000, 0.024
79124.0, 415.80, 415.80, -9999.0, 1954.1, -9999.0, 78.4, 0.024, 0.024
79125.0, -9999.00, 415.80, 1954.9, 1955.3, 82.1, 81.1, -9999.000, 0.024
79126.0, 415.79, 415.80, -9999.0, 1956.0, -9999.0, 82.1, 0.024, 0.024
79127.0, -9999.00, 415.85, 1956.7, 1956.2, -9999.0, 82.1, -9999.000, 0.024
79128.0, -9999.00, 415.93, -9999.0, 1952.3, 82.0, 81.2, 0.024, 0.024
79129.0, 415.99, 415.99, 1947.6, 1948.4, -9999.0, 77.0, -9999.000, 0.025
79130.0, -9999.00, 415.99, -9999.0, 1946.2, 72.6, 72.9, -9999.000, 0.026
79131.0, 416.00, 415.99, 1943.6, 1944.5, -9999.0, 69.7, 0.027, 0.028
79132.0, -9999.00, 415.81, -9999.0, 1941.5, 65.4, 66.6, -9999.000, 0.031
79133.0, 415.58, 415.63, -9999.0, 1937.5, -9999.0, 64.3, 0.035, 0.035
79134.0, -9999.00, 415.47, 1934.3, 1934.3, -9999.0, 62.5, -9999.000, 0.047
79135.0, -9999.00, 415.32, -9999.0, 1934.3, 61.2, 61.1, 0.064, 0.059
79136.0, 415.23, 415.23, 1934.2, 1934.2, -9999.0, 60.6, -9999.000, 0.065
79137.0, -9999.00, 415.26, -9999.0, 1934.1, 60.1, 60.2, -9999.000, 0.066
79138.0, 415.28, 415.28, 1934.0, 1934.0, -9999.0, 62.8, 0.067, 0.068
79139.0, -9999.00, 415.33, -9999.0, 1934.7, 66.2, 65.5, -9999.000, 0.070
79140.0, 415.38, 415.38, -9999.0, 1935.9, -9999.0, 65.9, 0.071, 0.071
79141.0, -9999.00, 415.34, 1936.7, 1936.5, -9999.0, 65.6, -9999.000, 0.072
79142.0, 415.26, 415.28, -9999.0, 1936.0, 65.3, 64.8, 0.072, 0.072
79143.0, -9999.00, 415.24, 1935.4, 1935.5, -9999.0, 63.4, -9999.000, 0.072
79144.0, -9999.00, 415.22, -9999.0, 1935.2, 62.2, 62.3, -9999.000, 0.073
79145.0, 415.20, 415.21, 1934.9, 1934.9, -9999.0, 63.9, 0.073, 0.073
79146.0, -9999.00, 415.21, -9999.0, 1934.8, 65.6, 65.4, -9999.000, 0.072
79147.0, 415.22, 415.22, -9999.0, 1934.7, -9999.0, 62.7, 0.072, 0.072
79148.0, -9999.00, 415.19, 1934.6, 1934.5, 57.4, 59.1, -9999.000, 0.071
79149.0, 415.15, 415.16, -9999.0, 1934.1, -9999.0, 59.5, 0.071, 0.071
79150.0, -9999.00, 415.15, 1933.8, 1933.8, -9999.0, 63.8, -9999.000, 0.071
79151.0, -9999.00, 415.14, -9999.0, 1933.7, 67.1, 66.4, 0.070, 0.070
79152.0, 415.14, 415.14, 1933.6, 1933.6, -9999.0, 63.5, -9999.000, 0.069
