notebooks/czml/NOAAPicarro-CO2-CH4-CO-H2O_N57_20220828_R0.ict
43, 1001
Jeff Peischl
NOAA ESRL Chemical Sciences Laboratory
Picarro 2401-m CO2/CH4/CO/H2O Analyzer
CalFiDE
1, 1
2022, 08, 28, 2023, 02, 15
1
TO_Time_UTC, seconds, UTC, seconds_past_midnight
8
1, 1, 1, 1, 1, 1, 1, 1
-9999, -9999, -9999, -9999, -9999, -9999, -9999, -9999
CO2_ppm, ppm, Gas_CO2_InSitu_S_DMF
CO2_i_ppm, ppm, Gas_CO2_InSitu_S_DMF
CH4_ppb, ppb, Gas_CH4_InSitu_S_DMF
CH4_i_ppb, ppb, Gas_CH4_InSitu_S_DMF
CO_ppb, ppb, Gas_CO_InSitu_S_DMF
CO_i_ppb, ppb, Gas_CO_InSitu_S_DMF
H2O_pct, percent, Gas_H2O_InSitu_S_DMF
H2O_i_pct, percent, Gas_H2O_InSitu_S_DMF
1
SPECIAL COMMENTS: N/A
20
PI_CONTACT_INFO: Address: NOAA Chemical Sciences Laboratory, Mail Stop R/CSL7, 325 Broadway, Boulder, CO  80305, email: jeff.peischl@noaa.gov
PLATFORM: NOAA Twin Otter N57RF
LOCATION: The aircraft was stationed in Sacramento, CA, and Redding, CA
ASSOCIATED_DATA: N/A
INSTRUMENT_INFO: Wavelength-Scanned Cavity Ringdown Spectrometry
DATA_INFO: Units: ppm: parts per million dry air mole fraction; ppb: parts per billion dry air mole fraction; pct: percent by volume 
UNCERTAINTY: CO2: ±(0.4 ppm + 1%), CH4: ±(0.4 ppb + 1%), CO: ±(6 ppb + 1%), H2O: ±(0.1 pct + 1%).
ULOD_FLAG: -7777
ULOD_VALUE: N/A
LLOD_FLAG: -8888
LLOD_VALUE: N/A
DM_CONTACT_INFO: Data Manager: Ken Aikin, kenneth.c.aikin@noaa.gov
PROJECT_INFO: CalFiDE dates of study: August 28 - September 26, 2022
STIPULATIONS_ON_USE: According to the NOAA data protocol. Users are should contact the PI for proper data usage.
OTHER_COMMENTS: Data are measured at irregular intervals. Data without _i_ in the header are rounded to the nearest second. Data with _i_ are interpolated onto each second.
REVISION: R0
R0: final data
RB: corrected time shift
RA: preliminary data
TO_Time_UTC, CO2_ppm, CO2_i_ppm, CH4_ppb, CH4_i_ppb, CO_ppb, CO_i_ppb, H2O_pct, H2O_i_pct
[from data line 6891]
76491.0, -9999.00, 412.59, -9999.0, 1909.4, 70.7, 70.7, -9999.000, 0.502
76492.0, 412.52, 412.53, -9999.0, 1909.4, -9999.0, 70.5, 0.506, 0.507
76493.0, -9999.00, 412.53, 1909.4, 1909.4, 70.3, 70.4, -9999.000, 0.508
76494.0, 412.53, 412.53, -9999.0, 1909.3, -9999.0, 69.8, 0.510, 0.510
76495.0, -9999.00, 412.55, 1909.3, 1909.4, -9999.0, 68.8, -9999.000, 0.510
76496.0, -9999.00, 412.57, -9999.0, 1910.0, 68.1, 67.8, 0.511, 0.511
76497.0, 412.59, 412.60, 1910.9, 1910.7, -9999.0, 66.3, -9999.000, 0.514
76498.0, -9999.00, 412.61, -9999.0, 1911.0, 64.8, 64.9, -9999.000, 0.519
76499.0, 412.63, 412.63, 1911.3, 1911.2, -9999.0, 64.3, 0.524, 0.524
76500.0, -9999.00, 412.60, -9999.0, 1911.1, 63.5, 63.7, -9999.000, 0.525
76501.0, 412.56, 412.57, -9999.0, 1910.9, -9999.0, 64.8, 0.527, 0.527
76502.0, -9999.00, 412.63, 1910.7, 1910.7, -9999.0, 66.8, -9999.000, 0.509
76503.0, -9999.00, 412.74, -9999.0, 1910.8, 68.1, 68.3, 0.485, 0.491
76504.0, 412.80, 412.77, 1910.8, 1910.8, -9999.0, 68.8, -9999.000, 0.489
76505.0, -9999.00, 412.70, -9999.0, 1910.7, 69.2, 69.2, -9999.000, 0.496
76506.0, 412.64, 412.64, 1910.4, 1910.5, -9999.0, 70.7, 0.501, 0.500
76507.0, -9999.00, 412.67, -9999.0, 1910.5, 72.5, 72.1, -9999.000, 0.498
76508.0, 412.71, 412.70, -9999.0, 1910.7, -9999.0, 70.9, 0.496, 0.495
76509.0, -9999.00, 412.71, 1910.8, 1910.8, -9999.0, 68.5, -9999.000, 0.489
76510.0, 412.71, 412.71, -9999.0, 1910.9, 67.2, 67.1, 0.481, 0.483
76511.0, -9999.00, 412.67, 1910.9, 1910.9, -9999.0, 66.9, -9999.000, 0.491
76512.0, -9999.00, 412.60, -9999.0, 1910.5, 66.8, 66.4, -9999.000, 0.505
76513.0, 412.53, 412.54, 1910.0, 1910.1, -9999.0, 63.8, 0.512, 0.510
76514.0, -9999.00, 412.58, -9999.0, 1909.9, 60.7, 61.2, -9999.000, 0.503
76515.0, 412.62, 412.62, -9999.0, 1909.7, -9999.0, 60.8, 0.498, 0.499
76516.0, -9999.00, 412.49, 1909.6, 1909.2, 60.9, 60.9, -9999.000, 0.509
76517.0, 412.30, 412.35, -9999.0, 1908.1, -9999.0, 62.3, 0.520, 0.519
76518.0, -9999.00, 412.29, 1907.2, 1907.2, -9999.0, 64.8, -9999.000, 0.520
76519.0, -9999.00, 412.28, -9999.0, 1907.2, 66.9, 66.9, 0.520, 0.520
76520.0, 412.27, 412.28, 1907.2, 1907.2, -9999.0, 66.8, -9999.000, 0.518
76521.0, -9999.00, 412.31, -9999.0, 1907.1, 66.7, 66.7, -9999.000, 0.515
76522.0, 412.35, 412.35, -9999.0, 1906.9, -9999.0, 66.2, 0.513, 0.512
76523.0, -9999.00, 412.37, 1906.9, 1906.9, 65.4, 65.6, -9999.000, 0.510
76524.0, 412.39, 412.39, -9999.0, 1907.0, -9999.0, 65.0, 0.508, 0.508
76525.0, -9999.00, 412.46, 1907.1, 1907.2, -9999.0, 64.3, -9999.000, 0.497
76526.0, -9999.00, 412.55, -9999.0, 1907.4, 63.8, 64.6, 0.481, 0.485
76527.0, 412.60, 412.59, 1907.6, 1907.6, -9999.0, 67.5, -9999.000, 0.480
76528.0, -9999.00, 412.56, -9999.0, 1907.4, 70.3, 70.3, -9999.000, 0.480
76529.0, 412.53, 412.53, 1907.0, 1907.1, -9999.0, 68.4, 0.480, 0.481
76530.0, -9999.00, 412.52, -9999.0, 1907.0, 65.9, 66.4, -9999.000, 0.486
76531.0, 412.50, 412.50, -9999.0, 1907.0, -9999.0, 66.8, 0.490, 0.490
76532.0, -9999.00, 412.51, 1907.0, 1907.1, -9999.0, 68.1, -9999.000, 0.488
76533.0, 412.53, 412.52, -9999.0, 1907.1, 68.9, 69.1, 0.486, 0.486
76534.0, -9999.00, 412.56, 1907.2, 1907.2, -9999.0, 69.5, -9999.000, 0.481
76535.0, -9999.00, 412.62, -9999.0, 1907.3, 69.9, 69.9, -9999.000, 0.475
76536.0, 412.66, 412.65, 1907.3, 1907.3, -9999.0, 70.7, 0.471, 0.473
76537.0, -9999.00, 412.58, -9999.0, 1907.3, 71.7, 71.5, -9999.000, 0.477
76538.0, 412.50, 412.51, -9999.0, 1907.1, -9999.0, 69.6, 0.482, 0.482
76539.0, -9999.00, 412.53, 1907.0, 1907.2, -9999.0, 66.9, -9999.000, 0.483
76540.0, 412.57, 412.56, -9999.0, 1907.5, 65.4, 64.1, 0.484, 0.484
76541.0, -9999.00, 412.58, 1907.9, 1907.9, -9999.0, 60.9, -9999.000, 0.482
76542.0, -9999.00, 412.60, -9999.0, 1907.8, 58.4, 58.3, 0.477, 0.479
76543.0, 412.61, 412.61, 1907.8, 1907.8, -9999.0, 58.2, -9999.000, 0.474
76544.0, -9999.00, 412.61, -9999.0, 1907.6, 58.0, 58.1, -9999.000, 0.469
76545.0, 412.61, 412.61, 1907.4, 1907.5, -9999.0, 58.7, 0.465, 0.467
76546.0, -9999.00, 412.54, -9999.0, 1907.4, 59.8, 59.5, -9999.000, 0.476
76547.0, 412.46, 412.48, -9999.0, 1907.5, -9999.0, 59.9, 0.485, 0.485
76548.0, -9999.00, 412.46, 1907.5, 1907.5, -9999.0, 60.0, -9999.000, 0.487
76549.0, -9999.00, 412.45, -9999.0, 1907.3, 60.1, 60.7, 0.489, 0.488
76550.0, 412.45, 412.43, 1907.1, 1907.1, -9999.0, 62.7, -9999.000, 0.490
76551.0, -9999.00, 412.39, -9999.0, 1907.1, 64.5, 64.4, -9999.000, 0.493
76552.0, 412.35, 412.34, 1907.2, 1907.2, -9999.0, 62.5, 0.494, 0.497
76553.0, -9999.00, 412.29, -9999.0, 1907.0, 60.1, 60.6, -9999.000, 0.505
76554.0, 412.24, 412.25, -9999.0, 1906.8, -9999.0, 62.6, 0.512, 0.512
76555.0, -9999.00, 412.25, 1906.6, 1906.6, -9999.0, 66.1, -9999.000, 0.513
76556.0, -9999.00, 412.27, -9999.0, 1906.7, 68.4, 68.0, 0.514, 0.513
76557.0, 412.28, 412.28, 1906.8, 1906.8, -9999.0, 67.2, -9999.000, 0.514
76558.0, -9999.00, 412.27, -9999.0, 1906.9, 66.4, 66.6, -9999.000, 0.515
76559.0, 412.26, 412.28, 1906.9, 1906.9, -9999.0, 67.7, 0.515, 0.511
76560.0, -9999.00, 412.38, -9999.0, 1907.1, 69.1, 68.9, -9999.000, 0.502
76561.0, 412.48, 412.47, -9999.0, 1907.4, -9999.0, 63.6, 0.494, 0.494
76562.0, -9999.00, 412.48, 1907.6, 1907.6, -9999.0, 56.8, -9999.000, 0.498
76563.0, 412.47, 412.47, -9999.0, 1907.5, 53.3, 54.5, 0.503, 0.503
76564.0, -9999.00, 412.47, 1907.4, 1907.4, -9999.0, 57.0, -9999.000, 0.502
76565.0, -9999.00, 412.48, -9999.0, 1907.7, 59.0, 59.5, -9999.000, 0.500
76566.0, 412.49, 412.50, 1908.1, 1908.1, -9999.0, 62.4, 0.500, 0.498
76567.0, -9999.00, 412.55, -9999.0, 1908.2, 65.7, 65.4, -9999.000, 0.495
76568.0, 412.59, 412.59, -9999.0, 1908.2, -9999.0, 67.0, 0.492, 0.492
76569.0, -9999.00, 412.62, 1908.3, 1908.3, 69.0, 68.4, -9999.000, 0.490
76570.0, 412.67, 412.66, -9999.0, 1908.5, -9999.0, 68.0, 0.488, 0.489
76571.0, -9999.00, 412.77, 1908.6, 1908.7, -9999.0, 66.4, -9999.000, 0.470
76572.0, -9999.00, 412.92, -9999.0, 1908.9, 65.2, 64.4, 0.443, 0.451
76573.0, 413.01, 413.02, 1909.1, 1909.1, -9999.0, 61.6, -9999.000, 0.436
76574.0, -9999.00, 413.03, -9999.0, 1909.2, 58.9, 58.9, -9999.000, 0.424
76575.0, 413.04, 413.03, 1909.4, 1909.4, -9999.0, 59.3, 0.417, 0.419
76576.0, -9999.00, 412.93, -9999.0, 1909.2, 59.7, 59.6, -9999.000, 0.427
76577.0, 412.80, 412.82, -9999.0, 1908.8, -9999.0, 60.1, 0.434, 0.436
76578.0, -9999.00, 412.66, 1908.6, 1908.5, -9999.0, 60.6, -9999.000, 0.465
76579.0, 412.41, 412.49, -9999.0, 1908.1, 60.9, 62.2, 0.501, 0.493
76580.0, -9999.00, 412.41, 1907.7, 1907.7, -9999.0, 65.2, -9999.000, 0.503
76581.0, -9999.00, 412.41, -9999.0, 1907.7, 67.8, 67.6, -9999.000, 0.505
76582.0, 412.42, 412.41, 1907.8, 1907.8, -9999.0, 65.6, 0.507, 0.508
76583.0, -9999.00, 412.38, -9999.0, 1907.9, 63.1, 63.5, -9999.000, 0.510
76584.0, 412.35, 412.35, -9999.0, 1907.9, -9999.0, 63.6, 0.511, 0.511
76585.0, -9999.00, 412.33, 1907.9, 1907.8, -9999.0, 64.3, -9999.000, 0.512
76586.0, 412.30, 412.31, -9999.0, 1907.6, 64.6, 64.9, 0.513, 0.513
76587.0, -9999.00, 412.28, 1907.4, 1907.5, -9999.0, 65.4, -9999.000, 0.518
76588.0, -9999.00, 412.26, -9999.0, 1907.7, 65.8, 65.9, 0.526, 0.524
76589.0, 412.24, 412.24, 1907.9, 1907.9, -9999.0, 66.5, -9999.000, 0.526
76590.0, -9999.00, 412.25, -9999.0, 1907.8, 67.2, 67.1, -9999.000, 0.525
76591.0, 412.25, 412.25, -9999.0, 1907.6, -9999.0, 64.7, 0.525, 0.525
76592.0, -9999.00, 412.29, 1907.5, 1907.5, 60.3, 61.7, -9999.000, 0.524
76593.0, 412.35, 412.33, -9999.0, 1907.6, -9999.0, 60.5, 0.524, 0.524
76594.0, -9999.00, 412.34, 1907.7, 1907.7, -9999.0, 60.9, -9999.000, 0.524
76595.0, -9999.00, 412.33, -9999.0, 1907.8, 61.2, 61.3, 0.523, 0.523
76596.0, 412.32, 412.34, 1907.9, 1907.9, -9999.0, 61.6, -9999.000, 0.519
76597.0, -9999.00, 412.43, -9999.0, 1907.9, 62.0, 61.9, -9999.000, 0.510
76598.0, 412.51, 412.51, -9999.0, 1907.9, -9999.0, 61.1, 0.504, 0.505
76599.0, -9999.00, 412.47, 1907.8, 1907.9, 59.8, 60.2, -9999.000, 0.510
76600.0, 412.43, 412.44, -9999.0, 1908.1, -9999.0, 61.9, 0.515, 0.515
76601.0, -9999.00, 412.43, 1908.2, 1908.2, -9999.0, 65.6, -9999.000, 0.515
76602.0, -9999.00, 412.43, -9999.0, 1908.1, 68.3, 68.7, 0.515, 0.515
76603.0, 412.43, 412.43, 1908.0, 1908.0, -9999.0, 70.0, -9999.000, 0.514
76604.0, -9999.00, 412.44, -9999.0, 1908.2, 71.4, 71.4, -9999.000, 0.514
76605.0, 412.46, 412.46, 1908.6, 1908.5, -9999.0, 68.1, 0.514, 0.513
76606.0, -9999.00, 412.50, -9999.0, 1908.8, 63.3, 64.5, -9999.000, 0.510
76607.0, 412.55, 412.54, -9999.0, 1909.2, -9999.0, 64.7, 0.508, 0.508
76608.0, -9999.00, 412.55, 1909.5, 1909.3, -9999.0, 66.8, -9999.000, 0.508
76609.0, -9999.00, 412.54, -9999.0, 1908.7, 68.2, 66.3, 0.509, 0.509
76610.0, 412.54, 412.54, 1908.1, 1908.1, -9999.0, 61.2, -9999.000, 0.500
76611.0, -9999.00, 412.54, -9999.0, 1908.7, 56.5, 56.6, -9999.000, 0.488
76612.0, 412.54, 412.61, 1909.7, 1909.4, -9999.0, 59.2, 0.480, 0.463
76613.0, -9999.00, 413.11, -9999.0, 1909.9, 62.4, 61.8, -9999.000, 0.420
76614.0, 413.68, 413.61, -9999.0, 1910.2, -9999.0, 63.0, 0.381, 0.385
76615.0, -9999.00, 413.26, 1910.4, 1910.2, -9999.0, 63.8, -9999.000, 0.433
76616.0, 412.57, 412.78, -9999.0, 1909.7, 64.2, 65.2, 0.490, 0.481
76617.0, -9999.00, 412.62, 1909.1, 1909.1, -9999.0, 67.3, -9999.000, 0.484
76618.0, -9999.00, 412.70, -9999.0, 1909.4, 69.0, 68.7, 0.472, 0.476
76619.0, 412.76, 412.75, 1909.7, 1909.6, -9999.0, 66.7, -9999.000, 0.470
76620.0, -9999.00, 412.73, -9999.0, 1909.7, 64.5, 64.7, -9999.000, 0.466
76621.0, 412.71, 412.71, -9999.0, 1909.7, -9999.0, 63.2, 0.463, 0.461
76622.0, -9999.00, 412.81, 1909.7, 1909.7, 61.2, 61.8, -9999.000, 0.452
76623.0, 412.94, 412.91, -9999.0, 1909.8, -9999.0, 62.2, 0.442, 0.442
76624.0, -9999.00, 413.06, 1909.9, 1909.9, -9999.0, 63.9, -9999.000, 0.422
76625.0, -9999.00, 413.24, -9999.0, 1910.2, 65.1, 64.3, 0.391, 0.400
76626.0, 413.35, 413.34, 1910.6, 1910.5, -9999.0, 61.6, -9999.000, 0.392
76627.0, -9999.00, 413.32, -9999.0, 1910.4, 58.8, 58.9, -9999.000, 0.393
76628.0, 413.30, 413.29, 1910.1, 1910.2, -9999.0, 60.3, 0.394, 0.397
76629.0, -9999.00, 413.19, -9999.0, 1910.0, 62.5, 61.9, -9999.000, 0.410
76630.0, 413.06, 413.09, -9999.0, 1909.9, -9999.0, 63.0, 0.422, 0.422
76631.0, -9999.00, 413.22, 1909.8, 1909.9, -9999.0, 63.7, -9999.000, 0.392
76632.0, -9999.00, 413.43, -9999.0, 1910.4, 64.3, 65.7, 0.350, 0.360
76633.0, 413.55, 413.47, 1910.9, 1910.9, -9999.0, 70.1, -9999.000, 0.372
76634.0, -9999.00, 413.27, -9999.0, 1910.8, 74.3, 74.1, -9999.000, 0.406
76635.0, 413.09, 413.08, 1910.7, 1910.7, -9999.0, 70.1, 0.428, 0.432
76636.0, -9999.00, 412.98, -9999.0, 1910.5, 64.9, 66.0, -9999.000, 0.442
76637.0, 412.87, 412.89, -9999.0, 1910.2, -9999.0, 66.6, 0.452, 0.449
76638.0, -9999.00, 413.31, 1910.0, 1910.2, -9999.0, 69.1, -9999.000, 0.375
76639.0, 414.10, 413.85, -9999.0, 1910.9, 70.5, 67.5, 0.282, 0.301
76640.0, -9999.00, 414.19, 1911.5, 1911.5, -9999.0, 60.6, -9999.000, 0.262
76641.0, -9999.00, 414.37, -9999.0, 1911.8, 54.4, 54.3, -9999.000, 0.234
76642.0, 414.51, 414.50, 1912.2, 1912.1, -9999.0, 53.7, 0.218, 0.220
76643.0, -9999.00, 414.47, -9999.0, 1912.2, 53.0, 53.1, -9999.000, 0.224
76644.0, 414.43, 414.43, -9999.0, 1912.1, -9999.0, 54.0, 0.227, 0.227
76645.0, -9999.00, 414.43, 1912.1, 1912.8, -9999.0, 55.4, -9999.000, 0.222
76646.0, 414.43, 414.43, -9999.0, 1914.6, 56.1, 63.4, 0.216, 0.217
76647.0, -9999.00, 414.25, 1916.2, 1916.1, -9999.0, 78.5, -9999.000, 0.259
76648.0, -9999.00, 413.96, -9999.0, 1914.5, 90.6, 87.7, 0.339, 0.313
76649.0, 413.75, 413.66, 1912.5, 1912.9, -9999.0, 73.1, -9999.000, 0.362
76650.0, -9999.00, 413.34, -9999.0, 1912.3, 57.0, 58.5, -9999.000, 0.408
76651.0, 413.01, 413.01, -9999.0, 1912.0, -9999.0, 69.1, 0.444, 0.448
76652.0, -9999.00, 413.12, 1911.8, 1914.0, 88.7, 82.7, -9999.000, 0.467
76653.0, 413.27, 413.23, -9999.0, 1918.7, -9999.0, 105.4, 0.488, 0.486
76654.0, -9999.00, 413.30, 1922.8, 1923.3, -9999.0, 135.4, -9999.000, 0.514
76655.0, -9999.00, 413.35, -9999.0, 1927.4, 158.2, 170.6, 0.556, 0.543
76656.0, 413.39, 413.50, 1932.2, 1931.5, -9999.0, 221.9, -9999.000, 0.567
76657.0, -9999.00, 413.85, -9999.0, 1935.9, 275.7, 273.1, -9999.000, 0.587
76658.0, 414.18, 414.18, 1942.6, 1940.5, -9999.0, 276.7, 0.602, 0.597
76659.0, -9999.00, 414.22, -9999.0, 1942.5, 278.2, 277.8, -9999.000, 0.579
76660.0, 414.27, 414.26, -9999.0, 1942.3, -9999.0, 263.9, 0.561, 0.561
76661.0, -9999.00, 414.20, 1942.1, 1941.0, -9999.0, 242.1, -9999.000, 0.522
76662.0, -9999.00, 414.10, -9999.0, 1936.4, 228.3, 228.3, 0.471, 0.482
76663.0, 414.04, 414.05, 1931.7, 1931.8, -9999.0, 228.5, -9999.000, 0.487
76664.0, -9999.00, 414.06, -9999.0, 1930.0, 228.7, 224.5, -9999.000, 0.510
76665.0, 414.06, 414.02, 1927.6, 1928.2, -9999.0, 175.2, 0.524, 0.512
76666.0, -9999.00, 413.77, -9999.0, 1927.0, 114.7, 125.8, -9999.000, 0.482
76667.0, 413.50, 413.53, -9999.0, 1925.9, -9999.0, 117.7, 0.456, 0.456
76668.0, -9999.00, 413.44, 1925.3, 1924.1, -9999.0, 121.5, -9999.000, 0.455
76669.0, 413.35, 413.38, -9999.0, 1920.9, 123.5, 121.4, 0.455, 0.455
76670.0, -9999.00, 413.38, 1917.9, 1917.8, -9999.0, 117.1, -9999.000, 0.456
76671.0, -9999.00, 413.43, -9999.0, 1917.2, 113.6, 115.8, -9999.000, 0.459
76672.0, 413.46, 413.54, 1916.4, 1916.5, -9999.0, 128.1, 0.460, 0.472
76673.0, -9999.00, 413.82, -9999.0, 1924.1, 142.2, 140.5, -9999.000, 0.498
76674.0, 414.12, 414.10, -9999.0, 1934.6, -9999.0, 200.2, 0.520, 0.523
76675.0, -9999.00, 414.12, 1940.8, 1939.9, 300.8, 268.0, -9999.000, 0.538
76676.0, 414.12, 414.12, -9999.0, 1937.8, -9999.0, 283.1, 0.557, 0.554
76677.0, -9999.00, 414.31, 1935.7, 1935.8, -9999.0, 248.8, -9999.000, 0.568
76678.0, -9999.00, 414.62, -9999.0, 1944.9, 219.5, 229.0, -9999.000, 0.581
76679.0, 414.86, 414.83, 1956.8, 1954.0, -9999.0, 294.9, 0.588, 0.591
76680.0, -9999.00, 414.68, -9999.0, 1954.4, 374.0, 360.8, -9999.000, 0.597
76681.0, 414.51, 414.53, -9999.0, 1951.0, -9999.0, 344.9, 0.603, 0.603
76682.0, -9999.00, 414.66, 1948.9, 1954.4, 290.3, 308.4, -9999.000, 0.607
76683.0, 414.89, 414.82, -9999.0, 1969.5, -9999.0, 471.4, 0.611, 0.611
76684.0, -9999.00, 416.85, 1983.4, 1984.9, -9999.0, 829.4, -9999.000, 0.670
76685.0, -9999.00, 420.12, -9999.0, 2004.8, 1111.8, 1112.4, 0.775, 0.741
76686.0, 422.43, 422.38, 2028.9, 2024.8, -9999.0, 1115.1, -9999.000, 0.773
76687.0, -9999.00, 422.23, -9999.0, 2040.9, 1118.0, 1117.8, -9999.000, 0.770
76688.0, 422.08, 422.20, 2063.1, 2056.1, -9999.0, 1289.4, 0.768, 0.783
76689.0, -9999.00, 424.23, -9999.0, 2073.7, 1531.1, 1470.9, -9999.000, 0.834
76690.0, 426.74, 426.26, -9999.0, 2093.4, -9999.0, 1411.3, 0.887, 0.886
76691.0, -9999.00, 424.15, 2108.0, 2097.8, -9999.0, 1232.0, -9999.000, 0.889
76692.0, -9999.00, 420.76, -9999.0, 2058.2, 1117.7, 1091.1, 0.891, 0.890
76693.0, 418.86, 418.81, 2015.8, 2018.6, -9999.0, 1017.9, -9999.000, 0.872
76694.0, -9999.00, 418.68, -9999.0, 2014.1, 947.8, 944.1, -9999.000, 0.843
76695.0, 418.58, 418.51, 2011.6, 2012.3, -9999.0, 860.3, 0.824, 0.819
76696.0, -9999.00, 418.04, -9999.0, 2010.9, 754.3, 776.4, -9999.000, 0.803
76697.0, 417.50, 417.58, -9999.0, 2009.7, -9999.0, 777.3, 0.788, 0.789
76698.0, -9999.00, 417.35, 2008.9, 2006.9, -9999.0, 808.4, -9999.000, 0.804
76699.0, 417.08, 417.17, -9999.0, 2000.8, 825.9, 779.0, 0.822, 0.818
76700.0, -9999.00, 416.75, 1994.7, 1994.7, -9999.0, 671.9, -9999.000, 0.833
76701.0, -9999.00, 416.11, -9999.0, 2002.9, 578.8, 602.8, -9999.000, 0.848
76702.0, 415.62, 415.94, 2013.2, 2011.1, -9999.0, 786.3, 0.856, 0.862
76703.0, -9999.00, 417.36, -9999.0, 2009.4, 996.3, 969.7, -9999.000, 0.875
76704.0, 418.86, 418.79, -9999.0, 2004.2, -9999.0, 774.4, 0.886, 0.878
76705.0, -9999.00, 416.44, 2001.3, 1990.8, 394.6, 514.8, -9999.000, 0.830
76706.0, 412.91, 413.87, -9999.0, 1966.5, -9999.0, 342.0, 0.776, 0.783
76707.0, -9999.00, 412.67, 1945.2, 1944.5, -9999.0, 243.9, -9999.000, 0.761
76708.0, -9999.00, 412.30, -9999.0, 1938.7, 168.7, 164.1, 0.737, 0.745
76709.0, 412.04, 412.04, 1931.8, 1932.9, -9999.0, 144.1, -9999.000, 0.734
76710.0, -9999.00, 412.05, -9999.0, 1932.1, 123.0, 124.1, -9999.000, 0.728
76711.0, 412.05, 412.05, 1932.7, 1932.5, -9999.0, 128.9, 0.724, 0.725
