notebooks/czml/NOAAPicarro-CO2-CH4-CO-H2O_N57_20220828_R0.ict
43, 1001
Jeff Peischl
NOAA ESRL Chemical Sciences Laboratory
Picarro 2401-m CO2/CH4/CO/H2O Analyzer
CalFiDE
1, 1
2022, 08, 28, 2023, 02, 15
1
TO_Time_UTC, seconds, UTC, seconds_past_midnight
8
1, 1, 1, 1, 1, 1, 1, 1
-9999, -9999, -9999, -9999, -9999, -9999, -9999, -9999
CO2_ppm, ppm, Gas_CO2_InSitu_S_DMF
CO2_i_ppm, ppm, Gas_CO2_InSitu_S_DMF
CH4_ppb, ppb, Gas_CH4_InSitu_S_DMF
CH4_i_ppb, ppb, Gas_CH4_InSitu_S_DMF
CO_ppb, ppb, Gas_CO_InSitu_S_DMF
CO_i_ppb, ppb, Gas_CO_InSitu_S_DMF
H2O_pct, percent, Gas_H2O_InSitu_S_DMF
H2O_i_pct, percent, Gas_H2O_InSitu_S_DMF
1
SPECIAL COMMENTS: N/A
20
PI_CONTACT_INFO: Address: NOAA Chemical Sciences Laboratory, Mail Stop R/CSL7, 325 Broadway, Boulder, CO  80305, email: jeff.peischl@noaa.gov
PLATFORM: NOAA Twin Otter N57RF
LOCATION: The aircraft was stationed in Sacramento, CA, and Redding, CA
ASSOCIATED_DATA: N/A
INSTRUMENT_INFO: Wavelength-Scanned Cavity Ringdown Spectrometry
DATA_INFO: Units: ppm: parts per million dry air mole fraction; ppb: parts per billion dry air mole fraction; pct: percent by volume 
UNCERTAINTY: CO2: ±(0.4 ppm + 1%), CH4: ±(0.4 ppb + 1%), CO: ±(6 ppb + 1%), H2O: ±(0.1 pct + 1%).
ULOD_FLAG: -7777
ULOD_VALUE: N/A
LLOD_FLAG: -8888
LLOD_VALUE: N/A
DM_CONTACT_INFO: Data Manager: Ken Aikin, kenneth.c.aikin@noaa.gov
PROJECT_INFO: CalFiDE dates of study: August 28 - September 26, 2022
STIPULATIONS_ON_USE: According to the NOAA data protocol. Users are should contact the PI for proper data usage.
OTHER_COMMENTS: Data are measured at irregular intervals. Data without _i_ in the header are rounded to the nearest second. Data with _i_ are interpolated onto each second.
REVISION: R0
R0: final data
RB: corrected time shift
RA: preliminary data
TO_Time_UTC, CO2_ppm, CO2_i_ppm, CH4_ppb, CH4_i_ppb, CO_ppb, CO_i_ppb, H2O_pct, H2O_i_pct
[from data line 10217]
79817.0, 412.25, 412.25, -9999.0, 1925.8, -9999.0, 126.6, 0.638, 0.638
79818.0, -9999.00, 412.26, 1925.7, 1925.7, -9999.0, 128.2, -9999.000, 0.640
79819.0, -9999.00, 412.27, -9999.0, 1925.6, 129.2, 129.7, 0.643, 0.643
79820.0, 412.28, 412.29, 1925.5, 1925.5, -9999.0, 130.8, -9999.000, 0.638
79821.0, -9999.00, 412.31, -9999.0, 1924.5, 131.9, 131.2, -9999.000, 0.630
79822.0, 412.33, 412.32, 1922.9, 1923.4, -9999.0, 122.1, 0.625, 0.624
79823.0, -9999.00, 412.29, -9999.0, 1923.4, 110.2, 113.1, -9999.000, 0.622
79824.0, 412.25, 412.26, -9999.0, 1924.1, -9999.0, 112.1, 0.619, 0.619
79825.0, -9999.00, 412.25, 1924.7, 1924.3, -9999.0, 114.8, -9999.000, 0.620
79826.0, -9999.00, 412.25, -9999.0, 1923.0, 116.6, 116.0, 0.622, 0.622
79827.0, 412.24, 412.25, 1921.5, 1921.6, -9999.0, 114.4, -9999.000, 0.617
79828.0, -9999.00, 412.27, -9999.0, 1921.9, 112.9, 113.0, -9999.000, 0.609
79829.0, 412.29, 412.29, 1922.4, 1922.2, -9999.0, 114.0, 0.604, 0.608
79830.0, -9999.00, 412.27, -9999.0, 1922.3, 115.4, 115.1, -9999.000, 0.617
79831.0, 412.25, 412.25, -9999.0, 1922.3, -9999.0, 116.6, 0.626, 0.626
79832.0, -9999.00, 412.23, 1922.3, 1922.3, -9999.0, 118.2, -9999.000, 0.632
79833.0, -9999.00, 412.21, -9999.0, 1922.4, 119.2, 117.0, 0.639, 0.638
79834.0, 412.19, 412.18, 1922.5, 1922.5, -9999.0, 111.8, -9999.000, 0.638
79835.0, -9999.00, 412.15, -9999.0, 1923.6, 106.9, 107.0, -9999.000, 0.637
79836.0, 412.13, 412.14, 1925.2, 1924.8, -9999.0, 108.4, 0.636, 0.632
79837.0, -9999.00, 412.18, -9999.0, 1922.9, 110.1, 109.8, -9999.000, 0.622
79838.0, 412.23, 412.23, -9999.0, 1919.2, -9999.0, 105.3, 0.613, 0.612
79839.0, -9999.00, 412.25, 1916.5, 1916.3, -9999.0, 98.9, -9999.000, 0.595
79840.0, -9999.00, 412.28, -9999.0, 1915.8, 94.9, 91.8, 0.574, 0.579
79841.0, 412.29, 412.30, 1915.3, 1915.3, -9999.0, 83.7, -9999.000, 0.568
79842.0, -9999.00, 412.33, -9999.0, 1914.8, 76.1, 76.2, -9999.000, 0.560
79843.0, 412.34, 412.34, 1914.1, 1914.3, -9999.0, 77.6, 0.556, 0.556
79844.0, -9999.00, 412.33, -9999.0, 1913.9, 79.5, 79.1, -9999.000, 0.559
79845.0, 412.31, 412.31, -9999.0, 1913.6, -9999.0, 79.0, 0.561, 0.561
79846.0, -9999.00, 412.30, 1913.4, 1913.5, -9999.0, 78.4, -9999.000, 0.559
79847.0, 412.28, 412.28, -9999.0, 1913.8, 78.0, 80.4, 0.557, 0.558
79848.0, -9999.00, 412.28, 1914.2, 1914.2, -9999.0, 86.0, -9999.000, 0.562
79849.0, -9999.00, 412.27, -9999.0, 1914.1, 91.3, 90.9, -9999.000, 0.569
79850.0, 412.27, 412.28, 1914.1, 1914.1, -9999.0, 86.0, 0.573, 0.568
79851.0, -9999.00, 412.31, -9999.0, 1913.2, 79.9, 81.1, -9999.000, 0.556
79852.0, 412.34, 412.34, -9999.0, 1911.9, -9999.0, 76.6, 0.545, 0.545
79853.0, -9999.00, 412.35, 1911.1, 1911.1, -9999.0, 72.3, -9999.000, 0.539
79854.0, 412.36, 412.36, -9999.0, 1911.0, 69.9, 70.6, 0.532, 0.534
79855.0, -9999.00, 412.38, 1911.0, 1911.0, -9999.0, 72.4, -9999.000, 0.534
79856.0, -9999.00, 412.41, -9999.0, 1912.6, 73.8, 74.5, -9999.000, 0.536
79857.0, 412.44, 412.43, 1914.7, 1914.2, -9999.0, 80.0, 0.537, 0.540
79858.0, -9999.00, 412.39, -9999.0, 1914.2, 86.4, 85.4, -9999.000, 0.547
79859.0, 412.34, 412.35, -9999.0, 1913.5, -9999.0, 83.9, 0.554, 0.554
79860.0, -9999.00, 412.34, 1913.1, 1913.3, 79.2, 80.8, -9999.000, 0.556
79861.0, 412.33, 412.33, -9999.0, 1913.7, -9999.0, 78.5, 0.559, 0.559
79862.0, -9999.00, 412.33, 1914.0, 1914.0, -9999.0, 77.0, -9999.000, 0.559
79863.0, -9999.00, 412.33, -9999.0, 1914.0, 75.8, 75.7, -9999.000, 0.558
79864.0, 412.32, 412.33, 1914.0, 1914.0, -9999.0, 74.6, 0.558, 0.555
79865.0, -9999.00, 412.34, -9999.0, 1913.8, 73.4, 73.6, -9999.000, 0.550
79866.0, 412.35, 412.34, -9999.0, 1913.7, -9999.0, 75.3, 0.545, 0.546
79867.0, -9999.00, 412.33, 1913.6, 1914.2, -9999.0, 77.7, -9999.000, 0.554
79868.0, 412.31, 412.32, -9999.0, 1915.8, 78.9, 83.0, 0.564, 0.563
79869.0, -9999.00, 412.30, 1917.4, 1917.5, -9999.0, 91.3, -9999.000, 0.576
79870.0, -9999.00, 412.27, -9999.0, 1918.7, 98.0, 98.3, 0.597, 0.590
79871.0, 412.24, 412.25, 1920.1, 1919.8, -9999.0, 99.5, -9999.000, 0.599
79872.0, -9999.00, 412.25, -9999.0, 1919.9, 100.8, 100.7, -9999.000, 0.603
79873.0, 412.25, 412.25, -9999.0, 1919.7, -9999.0, 101.2, 0.607, 0.607
79874.0, -9999.00, 412.25, 1919.6, 1919.9, 101.7, 101.5, -9999.000, 0.609
79875.0, 412.24, 412.24, -9999.0, 1920.5, -9999.0, 103.1, 0.611, 0.611
79876.0, -9999.00, 412.34, 1921.1, 1920.9, -9999.0, 105.5, -9999.000, 0.597
79877.0, -9999.00, 412.48, -9999.0, 1920.1, 107.3, 106.5, 0.575, 0.581
79878.0, 412.58, 412.58, 1919.1, 1919.3, -9999.0, 103.1, -9999.000, 0.569
79879.0, -9999.00, 412.57, -9999.0, 1918.4, 99.5, 99.8, -9999.000, 0.559
79880.0, 412.57, 412.57, -9999.0, 1917.5, -9999.0, 100.5, 0.552, 0.553
79881.0, -9999.00, 412.54, 1917.1, 1917.4, 102.0, 101.6, -9999.000, 0.557
79882.0, 412.50, 412.51, -9999.0, 1917.9, -9999.0, 99.5, 0.562, 0.562
79883.0, -9999.00, 412.43, 1918.3, 1918.7, -9999.0, 95.3, -9999.000, 0.584
79884.0, -9999.00, 412.33, -9999.0, 1920.1, 92.6, 94.6, 0.616, 0.607
79885.0, 412.27, 412.25, 1921.7, 1921.6, -9999.0, 100.8, -9999.000, 0.623
79886.0, -9999.00, 412.22, -9999.0, 1922.0, 107.1, 107.0, -9999.000, 0.633
79887.0, 412.19, 412.21, 1922.4, 1922.2, -9999.0, 106.2, 0.641, 0.631
79888.0, -9999.00, 412.39, -9999.0, 1921.5, 105.1, 105.4, -9999.000, 0.599
79889.0, 412.63, 412.58, -9999.0, 1920.0, -9999.0, 103.9, 0.566, 0.567
79890.0, -9999.00, 412.52, 1918.8, 1919.2, -9999.0, 102.2, -9999.000, 0.583
79891.0, -9999.00, 412.38, -9999.0, 1921.2, 101.0, 101.9, 0.606, 0.600
79892.0, 412.29, 412.26, 1923.4, 1923.2, -9999.0, 104.7, -9999.000, 0.616
79893.0, -9999.00, 412.19, -9999.0, 1925.4, 107.4, 107.5, -9999.000, 0.632
79894.0, 412.13, 412.13, 1928.4, 1927.5, -9999.0, 119.8, 0.642, 0.643
79895.0, -9999.00, 412.13, -9999.0, 1927.8, 135.5, 132.0, -9999.000, 0.648
79896.0, 412.13, 412.13, -9999.0, 1926.9, -9999.0, 132.7, 0.652, 0.652
79897.0, -9999.00, 412.09, 1926.2, 1926.3, -9999.0, 128.7, -9999.000, 0.661
79898.0, -9999.00, 412.05, -9999.0, 1926.6, 126.3, 124.7, 0.672, 0.670
79899.0, 412.02, 412.02, 1926.9, 1926.9, -9999.0, 120.9, -9999.000, 0.670
79900.0, -9999.00, 412.02, -9999.0, 1926.1, 117.4, 117.7, -9999.000, 0.667
79901.0, 412.02, 412.03, 1924.9, 1925.2, -9999.0, 120.8, 0.665, 0.669
79902.0, -9999.00, 412.03, -9999.0, 1925.1, 124.5, 123.9, -9999.000, 0.679
79903.0, 412.03, 412.03, -9999.0, 1925.5, -9999.0, 121.8, 0.687, 0.685
79904.0, -9999.00, 412.09, 1925.7, 1925.8, -9999.0, 118.5, -9999.000, 0.667
79905.0, 412.18, 412.16, -9999.0, 1926.0, 116.7, 119.6, 0.645, 0.649
79906.0, -9999.00, 412.15, 1926.2, 1926.3, -9999.0, 125.5, -9999.000, 0.661
79907.0, -9999.00, 412.08, -9999.0, 1927.6, 130.4, 131.6, -9999.000, 0.682
79908.0, 412.03, 412.04, 1929.1, 1928.8, -9999.0, 138.8, 0.693, 0.689
79909.0, -9999.00, 412.04, -9999.0, 1925.6, 147.0, 146.0, -9999.000, 0.681
79910.0, 412.04, 412.04, -9999.0, 1921.0, -9999.0, 132.3, 0.675, 0.669
79911.0, -9999.00, 412.12, 1918.3, 1918.8, 107.4, 115.2, -9999.000, 0.642
79912.0, 412.23, 412.20, -9999.0, 1919.9, -9999.0, 110.6, 0.609, 0.614
79913.0, -9999.00, 412.21, 1920.9, 1920.8, -9999.0, 116.6, -9999.000, 0.614
79914.0, -9999.00, 412.19, -9999.0, 1919.8, 121.3, 119.4, 0.621, 0.619
79915.0, 412.17, 412.18, 1918.7, 1918.9, -9999.0, 110.7, -9999.000, 0.615
79916.0, -9999.00, 412.21, -9999.0, 1918.3, 101.3, 101.9, -9999.000, 0.602
79917.0, 412.24, 412.24, -9999.0, 1917.8, -9999.0, 101.0, 0.593, 0.594
79918.0, -9999.00, 412.25, 1917.5, 1918.0, 100.5, 100.7, -9999.000, 0.598
79919.0, 412.27, 412.27, -9999.0, 1919.0, -9999.0, 100.3, 0.603, 0.603
79920.0, -9999.00, 412.24, 1919.9, 1919.9, -9999.0, 99.9, -9999.000, 0.607
79921.0, -9999.00, 412.18, -9999.0, 1919.8, 99.6, 99.8, 0.614, 0.612
79922.0, 412.14, 412.13, 1919.7, 1919.7, -9999.0, 100.7, -9999.000, 0.614
79923.0, -9999.00, 412.12, -9999.0, 1919.9, 101.7, 101.7, -9999.000, 0.615
79924.0, 412.11, 412.11, 1920.2, 1920.1, -9999.0, 104.2, 0.615, 0.618
79925.0, -9999.00, 412.08, -9999.0, 1920.4, 107.8, 106.8, -9999.000, 0.627
79926.0, 412.04, 412.05, -9999.0, 1920.7, -9999.0, 104.9, 0.637, 0.636
79927.0, -9999.00, 412.02, 1921.0, 1921.0, -9999.0, 100.2, -9999.000, 0.637
79928.0, -9999.00, 411.99, -9999.0, 1920.9, 97.2, 98.6, 0.638, 0.638
79929.0, 411.97, 411.94, 1920.8, 1920.8, -9999.0, 102.6, -9999.000, 0.648
79930.0, -9999.00, 411.86, -9999.0, 1921.9, 106.6, 106.5, -9999.000, 0.663
79931.0, 411.80, 411.80, 1923.5, 1923.1, -9999.0, 104.4, 0.673, 0.672
79932.0, -9999.00, 411.82, -9999.0, 1923.3, 101.7, 102.3, -9999.000, 0.671
79933.0, 411.84, 411.83, -9999.0, 1923.0, -9999.0, 106.1, 0.669, 0.669
79934.0, -9999.00, 411.83, 1922.8, 1923.1, -9999.0, 112.6, -9999.000, 0.677
79935.0, -9999.00, 411.83, -9999.0, 1924.5, 116.6, 115.8, 0.688, 0.685
79936.0, 411.83, 411.87, 1926.0, 1925.9, -9999.0, 113.7, -9999.000, 0.670
79937.0, -9999.00, 411.95, -9999.0, 1925.0, 111.6, 111.7, -9999.000, 0.645
79938.0, 412.03, 412.02, 1923.7, 1924.1, -9999.0, 112.7, 0.628, 0.639
79939.0, -9999.00, 411.92, -9999.0, 1923.7, 113.9, 113.6, -9999.000, 0.667
79940.0, 411.80, 411.82, -9999.0, 1923.6, -9999.0, 105.5, 0.693, 0.690
79941.0, -9999.00, 411.94, 1923.5, 1922.2, -9999.0, 94.0, -9999.000, 0.639
79942.0, 412.18, 412.10, -9999.0, 1917.9, 87.5, 83.8, 0.576, 0.588
79943.0, -9999.00, 412.17, 1913.7, 1913.7, -9999.0, 75.4, -9999.000, 0.581
79944.0, -9999.00, 412.14, -9999.0, 1916.8, 68.0, 70.2, -9999.000, 0.587
79945.0, 412.12, 412.09, 1920.8, 1919.9, -9999.0, 89.0, 0.590, 0.609
79946.0, -9999.00, 411.96, -9999.0, 1922.7, 111.1, 107.8, -9999.000, 0.653
79947.0, 411.81, 411.82, -9999.0, 1925.5, -9999.0, 113.5, 0.690, 0.691
79948.0, -9999.00, 411.79, 1927.2, 1927.0, 117.7, 116.3, -9999.000, 0.692
79949.0, 411.75, 411.77, -9999.0, 1926.7, -9999.0, 117.9, 0.694, 0.694
79950.0, -9999.00, 411.77, 1926.3, 1926.3, -9999.0, 118.4, -9999.000, 0.694
79951.0, -9999.00, 411.79, -9999.0, 1926.8, 118.8, 118.9, -9999.000, 0.693
79952.0, 411.81, 411.82, 1927.5, 1927.3, -9999.0, 120.0, 0.693, 0.690
79953.0, -9999.00, 411.87, -9999.0, 1926.2, 121.3, 121.1, -9999.000, 0.685
79954.0, 411.92, 411.91, -9999.0, 1924.3, -9999.0, 122.4, 0.680, 0.676
79955.0, -9999.00, 412.04, 1923.1, 1921.9, -9999.0, 123.7, -9999.000, 0.649
79956.0, 412.23, 412.17, -9999.0, 1918.7, 124.4, 113.4, 0.616, 0.621
79957.0, -9999.00, 412.28, 1915.5, 1915.5, -9999.0, 91.2, -9999.000, 0.586
79958.0, -9999.00, 412.37, -9999.0, 1913.3, 71.9, 71.5, -9999.000, 0.550
79959.0, 412.44, 412.44, 1910.4, 1911.0, -9999.0, 68.3, 0.529, 0.528
79960.0, -9999.00, 412.45, -9999.0, 1910.2, 64.6, 65.1, -9999.000, 0.526
79961.0, 412.46, 412.46, -9999.0, 1909.9, -9999.0, 66.0, 0.525, 0.524
79962.0, -9999.00, 412.50, 1909.8, 1909.8, -9999.0, 67.6, -9999.000, 0.514
79963.0, 412.56, 412.55, -9999.0, 1910.0, 68.5, 67.0, 0.503, 0.505
79964.0, -9999.00, 412.51, 1910.2, 1910.1, -9999.0, 64.0, -9999.000, 0.515
79965.0, -9999.00, 412.41, -9999.0, 1910.1, 61.6, 62.1, 0.537, 0.530
79966.0, 412.34, 412.34, 1910.0, 1910.1, -9999.0, 64.7, -9999.000, 0.541
79967.0, -9999.00, 412.31, -9999.0, 1910.1, 67.7, 67.3, -9999.000, 0.548
79968.0, 412.29, 412.29, -9999.0, 1910.2, -9999.0, 70.3, 0.554, 0.554
79969.0, -9999.00, 412.27, 1910.2, 1910.2, 74.9, 73.4, -9999.000, 0.557
79970.0, 412.25, 412.26, -9999.0, 1909.9, -9999.0, 72.6, 0.560, 0.560
79971.0, -9999.00, 412.29, 1909.7, 1909.7, -9999.0, 68.2, -9999.000, 0.553
79972.0, -9999.00, 412.35, -9999.0, 1910.0, 64.6, 64.4, -9999.000, 0.544
79973.0, 412.39, 412.38, 1910.3, 1910.2, -9999.0, 63.4, 0.540, 0.542
79974.0, -9999.00, 412.35, -9999.0, 1910.3, 62.3, 62.4, -9999.000, 0.547
79975.0, 412.32, 412.33, -9999.0, 1910.2, -9999.0, 64.5, 0.551, 0.550
79976.0, -9999.00, 412.35, 1910.2, 1910.2, 68.5, 67.3, -9999.000, 0.543
79977.0, 412.40, 412.39, -9999.0, 1910.1, -9999.0, 68.0, 0.534, 0.535
79978.0, -9999.00, 412.37, 1910.0, 1910.0, -9999.0, 67.2, -9999.000, 0.544
79979.0, -9999.00, 412.32, -9999.0, 1910.0, 66.5, 66.9, 0.559, 0.554
79980.0, 412.29, 412.32, 1910.0, 1910.0, -9999.0, 68.5, -9999.000, 0.551
79981.0, -9999.00, 412.40, -9999.0, 1910.1, 70.3, 70.2, -9999.000, 0.536
79982.0, 412.48, 412.48, -9999.0, 1910.2, -9999.0, 66.1, 0.524, 0.524
79983.0, -9999.00, 412.48, 1910.2, 1910.2, 59.6, 61.5, -9999.000, 0.520
79984.0, 412.48, 412.48, -9999.0, 1910.1, -9999.0, 62.8, 0.517, 0.517
79985.0, -9999.00, 412.49, 1910.1, 1910.1, -9999.0, 68.3, -9999.000, 0.518
79986.0, -9999.00, 412.50, -9999.0, 1910.1, 72.2, 71.6, 0.521, 0.520
79987.0, 412.51, 412.57, 1910.2, 1910.2, -9999.0, 69.5, -9999.000, 0.510
79988.0, -9999.00, 412.73, -9999.0, 1910.2, 67.2, 67.3, -9999.000, 0.492
79989.0, 412.89, 412.90, 1910.3, 1910.3, -9999.0, 66.1, 0.479, 0.470
79990.0, -9999.00, 413.04, -9999.0, 1910.4, 64.6, 65.0, -9999.000, 0.438
79991.0, 413.21, 413.17, -9999.0, 1910.5, -9999.0, 65.3, 0.404, 0.405
79992.0, -9999.00, 413.08, 1910.6, 1910.6, -9999.0, 66.4, -9999.000, 0.432
79993.0, -9999.00, 412.90, -9999.0, 1910.9, 67.1, 67.6, 0.472, 0.461
79994.0, 412.80, 412.73, 1911.2, 1911.1, -9999.0, 69.1, -9999.000, 0.487
79995.0, -9999.00, 412.56, -9999.0, 1911.0, 70.6, 70.6, -9999.000, 0.510
79996.0, 412.41, 412.40, 1910.8, 1910.9, -9999.0, 65.7, 0.526, 0.529
79997.0, -9999.00, 412.31, -9999.0, 1910.6, 59.2, 60.8, -9999.000, 0.540
79998.0, 412.19, 412.21, -9999.0, 1910.2, -9999.0, 61.6, 0.551, 0.551
79999.0, -9999.00, 412.23, 1909.9, 1909.9, -9999.0, 65.3, -9999.000, 0.549
80000.0, -9999.00, 412.27, -9999.0, 1910.1, 67.7, 66.6, 0.546, 0.547
80001.0, 412.30, 412.41, 1910.2, 1910.2, -9999.0, 63.0, -9999.000, 0.526
80002.0, -9999.00, 412.67, -9999.0, 1910.5, 59.5, 59.5, -9999.000, 0.495
80003.0, 412.91, 412.91, 1911.1, 1910.9, -9999.0, 59.3, 0.472, 0.471
80004.0, -9999.00, 412.88, -9999.0, 1911.0, 58.9, 59.0, -9999.000, 0.468
80005.0, 412.85, 412.85, -9999.0, 1910.7, -9999.0, 60.8, 0.465, 0.465
80006.0, -9999.00, 412.67, 1910.5, 1910.5, -9999.0, 63.6, -9999.000, 0.494
80007.0, -9999.00, 412.45, -9999.0, 1910.4, 65.4, 64.8, 0.533, 0.523
80008.0, 412.32, 412.33, 1910.4, 1910.4, -9999.0, 63.0, -9999.000, 0.536
80009.0, -9999.00, 412.35, -9999.0, 1910.4, 61.3, 61.2, -9999.000, 0.541
80010.0, 412.36, 412.40, 1910.5, 1910.5, -9999.0, 59.8, 0.544, 0.528
80011.0, -9999.00, 412.72, -9999.0, 1910.6, 57.8, 58.3, -9999.000, 0.484
80012.0, 413.09, 413.03, -9999.0, 1910.9, -9999.0, 59.6, 0.442, 0.442
80013.0, -9999.00, 413.07, 1911.0, 1911.0, -9999.0, 62.0, -9999.000, 0.449
80014.0, -9999.00, 413.05, -9999.0, 1911.1, 63.5, 64.8, 0.459, 0.457
80015.0, 413.03, 413.00, 1911.3, 1911.3, -9999.0, 68.1, -9999.000, 0.464
80016.0, -9999.00, 412.94, -9999.0, 1911.3, 71.1, 71.0, -9999.000, 0.472
80017.0, 412.89, 412.89, 1911.5, 1911.4, -9999.0, 70.7, 0.476, 0.479
80018.0, -9999.00, 412.88, -9999.0, 1911.5, 70.2, 70.3, -9999.000, 0.487
80019.0, 412.88, 412.88, -9999.0, 1911.5, -9999.0, 66.7, 0.494, 0.494
80020.0, -9999.00, 412.80, 1911.6, 1911.6, -9999.0, 62.1, -9999.000, 0.496
80021.0, 412.65, 412.70, -9999.0, 1911.6, 59.4, 60.7, 0.499, 0.499
80022.0, -9999.00, 412.56, 1911.7, 1911.7, -9999.0, 63.8, -9999.000, 0.528
80023.0, -9999.00, 412.38, -9999.0, 1911.6, 66.5, 66.6, -9999.000, 0.567
80024.0, 412.24, 412.24, 1911.5, 1911.5, -9999.0, 67.5, 0.589, 0.587
80025.0, -9999.00, 412.26, -9999.0, 1911.4, 68.7, 68.5, -9999.000, 0.582
80026.0, 412.27, 412.27, -9999.0, 1911.3, -9999.0, 67.6, 0.578, 0.579
80027.0, -9999.00, 412.24, 1911.2, 1911.3, 65.9, 66.4, -9999.000, 0.587
80028.0, 412.19, 412.20, -9999.0, 1911.3, -9999.0, 65.8, 0.596, 0.595
80029.0, -9999.00, 412.17, 1911.4, 1911.4, -9999.0, 65.6, -9999.000, 0.600
80030.0, -9999.00, 412.16, -9999.0, 1911.4, 65.4, 65.2, 0.607, 0.604
80031.0, 412.14, 412.14, 1911.5, 1911.5, -9999.0, 64.3, -9999.000, 0.605
80032.0, -9999.00, 412.14, -9999.0, 1911.5, 63.3, 63.4, -9999.000, 0.603
80033.0, 412.14, 412.14, -9999.0, 1911.6, -9999.0, 64.7, 0.601, 0.601
80034.0, -9999.00, 412.12, 1911.6, 1911.7, 66.9, 66.3, -9999.000, 0.605
80035.0, 412.09, 412.09, -9999.0, 1911.7, -9999.0, 68.1, 0.608, 0.608
80036.0, -9999.00, 412.09, 1911.8, 1911.8, -9999.0, 70.0, -9999.000, 0.608
